180	62	11
0.0	-1.0	-1.0	0.20130375027656555	0.8385738134384155	1.0	3	0.0	0	0.0	0	0.08775367587804794	0.4454883337020874	-0.8909766674041748	-0.9954248070716858	0.07315605133771896	-0.06146291270852089	0.037799328565597534	0.8922939300537109	0.44986987113952637
0.0	1.0	0.0	0.20130375027656555	0.9970302581787109	1.0	3	0.0	0	0.0	0	0.08775367587804794	0.4454883337020874	-0.8909766674041748	-0.9954248070716858	0.07315605133771896	-0.06146291270852089	0.03779931738972664	0.8922938108444214	0.4498698115348816
0.19509032368659973	-1.0	-0.9807852506637573	0.1891767531633377	0.8397097587585449	1.0	3	0.0	0	0.0	0	0.08775367587804794	0.4454883337020874	-0.8909766674041748	-0.9954248666763306	0.07315605133771896	-0.06146291270852089	0.037799324840307236	0.8922938704490662	0.449869841337204
0.19509032368659973	-1.0	-0.9807852506637573	0.09042908251285553	0.8255412578582764	1.0	3	0.0	0	0.0	0	0.25988829135894775	0.4454883933067322	-0.8567370176315308	-0.9655378460884094	0.10705778747797012	-0.23722447454929352	-0.013960378244519234	0.888863742351532	0.4579589068889618
0.0	1.0	0.0	0.09042908251285553	0.9833263158798218	1.0	3	0.0	0	0.0	0	0.25988829135894775	0.4454883933067322	-0.8567370176315308	-0.9655377268791199	0.10705776512622833	-0.23722444474697113	-0.013960383832454681	0.8888638019561768	0.4579589068889618
0.3826834559440613	-1.0	-0.9238795042037964	0.07962827384471893	0.827200174331665	1.0	3	0.0	0	0.0	0	0.25988829135894775	0.4454883933067322	-0.8567370176315308	-0.9655377864837646	0.10705778002738953	-0.23722447454929352	-0.01396038755774498	0.8888638019561768	0.4579589366912842
0.3826834559440613	-1.0	-0.9238795042037964	0.9822227358818054	0.8645694255828857	1.0	3	0.0	0	0.0	0	0.42203569412231445	0.4454883635044098	-0.7895733118057251	0.8618123531341553	0.07315605878829956	0.5019239783287048	0.2813633680343628	-0.8922938704490662	-0.35305291414260864
0.0	1.0	0.0	0.9943497180938721	0.7072489261627197	1.0	3	0.0	0	0.0	0	0.42203569412231445	0.4454883635044098	-0.7895733118057251	0.8618123531341553	0.07315605878829956	0.5019239783287048	0.2813633680343628	-0.8922938704490662	-0.35305291414260864
0.5555702447891235	-1.0	-0.8314695954322815	0.9943497180938721	0.8657053709030151	1.0	3	0.0	0	0.0	0	0.42203569412231445	0.4454883635044098	-0.7895733118057251	0.8618124127388	0.07315608114004135	0.5019239783287048	0.2813633680343628	-0.8922939300537109	-0.35305294394493103
0.5555702447891235	-1.0	-0.8314695954322815	0.013146460987627506	0.8255413770675659	1.0	3	0.0	0	0.0	0	0.5679646134376526	0.4454883635044098	-0.6920667886734009	-0.7780084609985352	0.016235943883657455	-0.6280439496040344	-0.2685498595237732	0.895140528678894	0.3558151125907898
0.0	1.0	0.0	0.013146474026143551	0.9839978218078613	1.0	3	0.0	0	0.0	0	0.5679646134376526	0.4454883635044098	-0.6920667886734009	-0.7780085206031799	0.0162359569221735	-0.6280439496040344	-0.2685498595237732	0.895140528678894	0.3558151423931122
0.7071067690849304	-1.0	-0.7071067690849304	0.0	0.8257933855056763	1.0	3	0.0	0	0.0	0	0.5679646134376526	0.4454883635044098	-0.6920667886734009	-0.7780084609985352	0.01623595505952835	-0.6280439496040344	-0.2685498595237732	0.8951404690742493	0.3558151423931122
0.7071067690849304	-1.0	-0.7071067690849304	0.9556177258491516	0.6974208950996399	1.0	3	0.0	0	0.0	0	0.6920667886734009	0.4454883635044098	-0.5679646134376526	0.6166176199913025	0.044202033430337906	0.7860209941864014	0.3752683401107788	-0.8941959142684937	-0.24410517513751984
0.0	1.0	0.0	0.9693585634231567	0.5392667651176453	1.0	3	0.0	0	0.0	0	0.6920667886734009	0.4454883635044098	-0.5679646134376526	0.6166176199913025	0.04420200362801552	0.7860209345817566	0.3752683103084564	-0.8941959142684937	-0.24410519003868103
0.8314695954322815	-1.0	-0.5555702447891235	0.9693585634231567	0.698108434677124	1.0	3	0.0	0	0.0	0	0.6920667886734009	0.4454883635044098	-0.5679646134376526	0.6166176795959473	0.04420201852917671	0.7860209941864014	0.3752683401107788	-0.8941959142684937	-0.24410521984100342
0.8314695954322815	-1.0	-0.5555702447891235	0.927628755569458	0.8659378290176392	1.0	3	0.0	0	0.0	0	0.7895733118057251	0.4454883635044098	-0.42203569412231445	0.47139671444892883	1.327658782912522e-08	0.8819212913513184	0.392885684967041	-0.8952877521514893	-0.21000173687934875
0.0	1.0	0.0	0.9346116185188293	0.7072489261627197	1.0	3	0.0	0	0.0	0	0.7895733118057251	0.4454883635044098	-0.42203569412231445	0.4713967442512512	0.0	0.8819213509559631	0.3928857147693634	-0.895287811756134	-0.21000176668167114
0.9238795042037964	-1.0	-0.3826834559440613	0.9415944814682007	0.8659378290176392	1.0	3	0.0	0	0.0	0	0.7895733118057251	0.4454883635044098	-0.42203569412231445	0.47139668464660645	0.0	0.8819212317466736	0.39288562536239624	-0.8952876925468445	-0.21000173687934875
0.9238795042037964	-1.0	-0.3826834559440613	0.9553353786468506	0.7072489261627197	1.0	3	0.0	0	0.0	0	0.8567370176315308	0.4454883933067322	-0.25988829135894775	-0.3109799027442932	0.044205836951732635	-0.9493879675865173	-0.41145268082618713	0.8941957354545593	0.17641068994998932
0.0	1.0	0.0	0.9553353786468506	0.8660906553268433	1.0	3	0.0	0	0.0	0	0.8567370176315308	0.4454883933067322	-0.25988829135894775	-0.3109799027442932	0.04420582950115204	-0.9493879079818726	-0.4114527106285095	0.8941957950592041	0.17641068994998932
0.9807852506637573	-1.0	-0.19509032368659973	0.9415945410728455	0.7079365253448486	1.0	3	0.0	0	0.0	0	0.8567370176315308	0.4454883933067322	-0.25988829135894775	-0.3109799027442932	0.04420582950115204	-0.9493879079818726	-0.4114527106285095	0.8941957950592041	0.17641068994998932
0.9807852506637573	-1.0	-0.19509032368659973	0.05251363664865494	0.8255413770675659	1.0	3	0.0	0	0.0	0	0.8909766674041748	0.4454883337020874	-0.08775367587804794	-0.12435638159513474	0.053543467074632645	-0.9907919764518738	-0.4366876482963562	0.8936852812767029	0.10310529917478561
0.0	1.0	0.0	0.05251363664865494	0.9842884540557861	1.0	3	0.0	0	0.0	0	0.8909766674041748	0.4454883337020874	-0.08775367587804794	-0.12435636669397354	0.053543467074632645	-0.990791916847229	-0.4366876184940338	0.8936852216720581	0.10310529172420502
1.0	-1.0	0.0	0.03939123824238777	0.826373815536499	1.0	3	0.0	0	0.0	0	0.8909766674041748	0.4454883337020874	-0.08775367587804794	-0.12435637414455414	0.053543463349342346	-0.990791916847229	-0.4366876184940338	0.8936852216720581	0.10310529172420502
1.0	-1.0	0.0	0.2134307473897934	0.8385738134384155	1.0	3	0.0	0	0.0	0	0.8909766674041748	0.4454883337020874	0.08775367587804794	0.06146291270852089	0.07315605133771896	-0.9954248070716858	-0.44986987113952637	0.8922939300537109	0.037799328565597534
0.0	1.0	0.0	0.2134307473897934	0.9970302581787109	1.0	3	0.0	0	0.0	0	0.8909766674041748	0.4454883337020874	0.08775367587804794	0.06146291270852089	0.07315605133771896	-0.9954248070716858	-0.4498698115348816	0.8922938108444214	0.03779931738972664
0.9807852506637573	-1.0	0.19509032368659973	0.20130375027656555	0.8397097587585449	1.0	3	0.0	0	0.0	0	0.8909766674041748	0.4454883337020874	0.08775367587804794	0.06146291270852089	0.07315605133771896	-0.9954248666763306	-0.449869841337204	0.8922938704490662	0.037799324840307236
0.9807852506637573	-1.0	0.19509032368659973	0.8557674884796143	0.8272168636322021	1.0	3	0.0	0	0.0	0	0.8567370176315308	0.4454883933067322	0.25988829135894775	0.23722447454929352	0.10705778747797012	-0.9655378460884094	-0.4579589068889618	0.888863742351532	-0.013960378244519234
0.0	1.0	0.0	0.8557674884796143	0.9850019216537476	1.0	3	0.0	0	0.0	0	0.8567370176315308	0.4454883933067322	0.25988829135894775	0.23722444474697113	0.10705776512622833	-0.9655377268791199	-0.4579589068889618	0.8888638019561768	-0.013960383832454681
0.9238795042037964	-1.0	0.3826834559440613	0.8449667096138	0.8288757801055908	1.0	3	0.0	0	0.0	0	0.8567370176315308	0.4454883933067322	0.25988829135894775	0.23722447454929352	0.10705778002738953	-0.9655377864837646	-0.4579589366912842	0.8888638019561768	-0.01396038755774498
0.9238795042037964	-1.0	0.3826834559440613	0.9825049638748169	0.6965871453285217	1.0	3	0.0	0	0.0	0	0.7895733118057251	0.4454883635044098	0.42203569412231445	-0.5019239783287048	0.07315605878829956	0.8618123531341553	0.35305291414260864	-0.8922938704490662	0.2813633680343628
0.0	1.0	0.0	0.9946320056915283	0.5392666459083557	1.0	3	0.0	0	0.0	0	0.7895733118057251	0.4454883635044098	0.42203569412231445	-0.5019239783287048	0.07315606623888016	0.8618123531341553	0.35305291414260864	-0.8922938704490662	0.2813633680343628
0.8314695954322815	-1.0	0.5555702447891235	0.9946320056915283	0.6977230906486511	1.0	3	0.0	0	0.0	0	0.7895733118057251	0.4454883635044098	0.42203569412231445	-0.5019239783287048	0.07315608114004135	0.8618123531341553	0.35305294394493103	-0.8922939300537109	0.2813633978366852
0.8314695954322815	-1.0	0.5555702447891235	0.9811068177223206	0.11933314800262451	1.0	3	0.0	0	0.0	0	0.6920667886734009	0.4454883635044098	0.5679646134376526	0.6280439496040344	0.016235943883657455	-0.7780084609985352	-0.3558151125907898	0.895140528678894	-0.2685498595237732
0.0	1.0	0.0	0.9811068773269653	0.2777895927429199	1.0	3	0.0	0	0.0	0	0.6920667886734009	0.4454883635044098	0.5679646134376526	0.6280439496040344	0.016235943883657455	-0.7780084609985352	-0.3558151125907898	0.895140528678894	-0.2685498595237732
0.7071067690849304	-1.0	0.7071067690849304	0.9679604172706604	0.11958515644073486	1.0	3	0.0	0	0.0	0	0.6920667886734009	0.4454883635044098	0.5679646134376526	0.6280439496040344	0.01623595505952835	-0.7780084609985352	-0.3558151423931122	0.8951404690742493	-0.2685498595237732
0.7071067690849304	-1.0	0.7071067690849304	0.9679603576660156	0.11933314800262451	1.0	3	0.0	0	0.0	0	0.5679646134376526	0.4454883635044098	0.6920667886734009	0.7623857259750366	0.032084666192531586	-0.6463269591331482	-0.3101358711719513	0.8947126865386963	-0.32141098380088806
0.0	1.0	0.0	0.9679603576660156	0.2780802249908447	1.0	3	0.0	0	0.0	0	0.5679646134376526	0.4454883635044098	0.6920667886734009	0.7623856663703918	0.032084666192531586	-0.6463269591331482	-0.3101358413696289	0.8947126865386963	-0.32141098380088806
0.5555702447891235	-1.0	0.8314695954322815	0.9542112946510315	0.11983191967010498	1.0	3	0.0	0	0.0	0	0.5679646134376526	0.4454883635044098	0.6920667886734009	0.7623857855796814	0.03208468109369278	-0.646327018737793	-0.3101358711719513	0.8947126865386963	-0.32141098380088806
0.5555702447891235	-1.0	0.8314695954322815	0.927911102771759	0.6979554891586304	1.0	3	0.0	0	0.0	0	0.42203569412231445	0.4454883635044098	0.7895733118057251	-0.8819212913513184	-1.3276589605482059e-08	0.47139671444892883	0.21000176668167114	-0.8952877521514893	0.392885684967041
0.0	1.0	0.0	0.9348940253257751	0.5392666459083557	1.0	3	0.0	0	0.0	0	0.42203569412231445	0.4454883635044098	0.7895733118057251	-0.8819212913513184	-1.327658782912522e-08	0.4713967442512512	0.21000178158283234	-0.8952877521514893	0.392885684967041
0.3826834559440613	-1.0	0.9238795042037964	0.9418768286705017	0.6979554891586304	1.0	3	0.0	0	0.0	0	0.42203569412231445	0.4454883635044098	0.7895733118057251	-0.8819212913513184	0.0	0.4713967442512512	0.21000176668167114	-0.8952877521514893	0.392885684967041
0.3826834559440613	-1.0	0.9238795042037964	0.9495730996131897	0.5323231220245361	1.0	3	0.0	0	0.0	0	0.25988829135894775	0.4454883933067322	0.8567370176315308	-0.9569403529167175	0.0	0.2902846336364746	0.12931843101978302	-0.8952877521514893	0.4263058304786682
0.0	1.0	0.0	0.9575492143630981	0.37368083000183105	1.0	3	0.0	0	0.0	0	0.25988829135894775	0.4454883933067322	0.8567370176315308	-0.9569404125213623	-6.6382943586518195e-09	0.290284663438797	0.12931843101978302	-0.8952877521514893	0.4263058006763458
0.19509032368659973	-1.0	0.9807852506637573	0.9633312225341797	0.5323231220245361	1.0	3	0.0	0	0.0	0	0.25988829135894775	0.4454883933067322	0.8567370176315308	-0.9569404125213623	6.6382943586518195e-09	0.2902846336364746	0.12931843101978302	-0.895287811756134	0.4263058304786682
0.19509032368659973	-1.0	0.9807852506637573	0.05251364782452583	0.9839685559272766	1.0	3	0.0	0	0.0	0	0.08775367587804794	0.4454883337020874	0.8909766674041748	-0.9951847195625305	0.0	0.09801729023456573	0.043665558099746704	-0.8952877521514893	0.4433431923389435
0.0	1.0	0.0	0.06261101365089417	0.8255413770675659	1.0	3	0.0	0	0.0	0	0.08775367587804794	0.4454883337020874	0.8909766674041748	-0.9951847195625305	-3.3191467352367e-09	0.09801729023456573	0.043665561825037	-0.8952877521514893	0.4433431923389435
0.0	-1.0	1.0	0.06566254049539566	0.9839685559272766	1.0	3	0.0	0	0.0	0	0.08775367587804794	0.4454883337020874	0.8909766674041748	-0.9951847195625305	0.0	0.09801729768514633	0.043665558099746704	-0.8952877521514893	0.4433431923389435
0.0	-1.0	1.0	0.2376847118139267	0.8385739326477051	1.0	3	0.0	0	0.0	0	-0.08775367587804794	0.4454883337020874	0.8909766674041748	0.9954248070716858	0.07315605133771896	0.06146291270852089	-0.037799328565597534	0.8922939300537109	-0.44986987113952637
0.0	1.0	0.0	0.2376847118139267	0.9970303773880005	1.0	3	0.0	0	0.0	0	-0.08775367587804794	0.4454883337020874	0.8909766674041748	0.9954248070716858	0.07315605133771896	0.06146291270852089	-0.03779931738972664	0.8922938108444214	-0.4498698115348816
-0.19509032368659973	-1.0	0.9807852506637573	0.22555771470069885	0.8397098779678345	1.0	3	0.0	0	0.0	0	-0.08775367587804794	0.4454883337020874	0.8909766674041748	0.9954248666763306	0.07315605133771896	0.06146291270852089	-0.037799324840307236	0.8922938704490662	-0.449869841337204
-0.19509032368659973	-1.0	0.9807852506637573	0.35885271430015564	0.8422149419784546	1.0	3	0.0	0	0.0	0	-0.25988829135894775	0.4454883933067322	0.8567370176315308	0.9655378460884094	0.10705778747797012	0.23722447454929352	0.013960378244519234	0.888863742351532	-0.4579589068889618
0.0	1.0	0.0	0.358852744102478	1.0	1.0	3	0.0	0	0.0	0	-0.25988829135894775	0.4454883933067322	0.8567370176315308	0.9655377268791199	0.10705776512622833	0.23722444474697113	0.013960383832454681	0.8888638019561768	-0.4579589068889618
-0.3826834559440613	-1.0	0.9238795042037964	0.34805193543434143	0.8438738584518433	1.0	3	0.0	0	0.0	0	-0.25988829135894775	0.4454883933067322	0.8567370176315308	0.9655377864837646	0.10705778002738953	0.23722447454929352	0.01396038755774498	0.8888638019561768	-0.4579589366912842
-0.3826834559440613	-1.0	0.9238795042037964	0.9770721197128296	0.5310013294219971	1.0	3	0.0	0	0.0	0	-0.42203569412231445	0.4454883635044098	0.7895733118057251	-0.8618123531341553	0.07315605878829956	-0.5019239783287048	-0.2813633680343628	-0.8922938704490662	0.35305291414260864
0.0	1.0	0.0	0.9891991019248962	0.37368083000183105	1.0	3	0.0	0	0.0	0	-0.42203569412231445	0.4454883635044098	0.7895733118057251	-0.8618123531341553	0.07315605878829956	-0.5019239783287048	-0.2813633680343628	-0.8922938704490662	0.35305291414260864
-0.5555702447891235	-1.0	0.8314695954322815	0.9891991019248962	0.5321372747421265	1.0	3	0.0	0	0.0	0	-0.42203569412231445	0.4454883635044098	0.7895733118057251	-0.8618124127388	0.07315608114004135	-0.5019239783287048	-0.2813633680343628	-0.8922939300537109	0.35305294394493103
-0.5555702447891235	-1.0	0.8314695954322815	0.9825050234794617	0.5392667055130005	1.0	3	0.0	0	0.0	0	-0.5679646134376526	0.4454883635044098	0.6920667886734009	0.7780084609985352	0.016235943883657455	0.6280439496040344	0.2685498595237732	0.895140528678894	-0.3558151125907898
0.0	1.0	0.0	0.9825050234794617	0.6977231502532959	1.0	3	0.0	0	0.0	0	-0.5679646134376526	0.4454883635044098	0.6920667886734009	0.7780085206031799	0.0162359569221735	0.6280439496040344	0.2685498595237732	0.895140528678894	-0.3558151423931122
-0.7071067690849304	-1.0	0.7071067690849304	0.9693585634231567	0.5395187139511108	1.0	3	0.0	0	0.0	0	-0.5679646134376526	0.4454883635044098	0.6920667886734009	0.7780084609985352	0.01623595505952835	0.6280439496040344	0.2685498595237732	0.8951404690742493	-0.3558151423931122
-0.7071067690849304	-1.0	0.7071067690849304	0.9633311629295349	0.5318349003791809	1.0	3	0.0	0	0.0	0	-0.6920667886734009	0.4454883635044098	0.5679646134376526	-0.6166176199913025	0.044202033430337906	-0.7860209941864014	-0.3752683401107788	-0.8941959142684937	0.24410517513751984
0.0	1.0	0.0	0.9770720601081848	0.3736807703971863	1.0	3	0.0	0	0.0	0	-0.6920667886734009	0.4454883635044098	0.5679646134376526	-0.6166176199913025	0.04420200362801552	-0.7860209345817566	-0.3752683103084564	-0.8941959142684937	0.24410519003868103
-0.8314695954322815	-1.0	0.5555702447891235	0.9770720601081848	0.532522439956665	1.0	3	0.0	0	0.0	0	-0.6920667886734009	0.4454883635044098	0.5679646134376526	-0.6166176795959473	0.04420201852917671	-0.7860209941864014	-0.3752683401107788	-0.8941959142684937	0.24410521984100342
-0.8314695954322815	-1.0	0.5555702447891235	0.35978853702545166	0.8787896633148193	1.0	3	0.0	0	0.0	0	-0.7895733118057251	0.4454883635044098	0.42203569412231445	-0.47139671444892883	1.327658782912522e-08	-0.8819212913513184	-0.392885684967041	-0.8952877521514893	0.21000173687934875
0.0	1.0	0.0	0.366771399974823	0.7201007604598999	1.0	3	0.0	0	0.0	0	-0.7895733118057251	0.4454883635044098	0.42203569412231445	-0.4713967442512512	0.0	-0.8819213509559631	-0.3928857147693634	-0.895287811756134	0.21000176668167114
-0.9238795042037964	-1.0	0.3826834559440613	0.3737542927265167	0.8787896633148193	1.0	3	0.0	0	0.0	0	-0.7895733118057251	0.4454883635044098	0.42203569412231445	-0.47139668464660645	0.0	-0.8819212317466736	-0.39288562536239624	-0.8952876925468445	0.21000173687934875
-0.9238795042037964	-1.0	0.3826834559440613	0.9556177258491516	0.5392667055130005	1.0	3	0.0	0	0.0	0	-0.8567370176315308	0.4454883933067322	0.25988829135894775	0.3109799027442932	0.044205836951732635	0.9493879675865173	0.41145268082618713	0.8941957354545593	-0.17641068994998932
0.0	1.0	0.0	0.9556177258491516	0.698108434677124	1.0	3	0.0	0	0.0	0	-0.8567370176315308	0.4454883933067322	0.25988829135894775	0.3109799027442932	0.04420582950115204	0.9493879079818726	0.4114527106285095	0.8941957950592041	-0.17641068994998932
-0.9807852506637573	-1.0	0.19509032368659973	0.9418768882751465	0.5399543046951294	1.0	3	0.0	0	0.0	0	-0.8567370176315308	0.4454883933067322	0.25988829135894775	0.3109799027442932	0.04420582950115204	0.9493879079818726	0.4114527106285095	0.8941957950592041	-0.17641068994998932
-0.9807852506637573	-1.0	0.19509032368659973	0.026268871501088142	0.8255413770675659	1.0	3	0.0	0	0.0	0	-0.8909766674041748	0.4454883337020874	0.08775367587804794	0.12435638159513474	0.053543467074632645	0.9907919764518738	0.4366876482963562	0.8936852812767029	-0.10310529917478561
0.0	1.0	0.0	0.026268871501088142	0.9842884540557861	1.0	3	0.0	0	0.0	0	-0.8909766674041748	0.4454883337020874	0.08775367587804794	0.12435636669397354	0.053543467074632645	0.990791916847229	0.4366876184940338	0.8936852216720581	-0.10310529172420502
-1.0	-1.0	0.0	0.013146474957466125	0.826373815536499	1.0	3	0.0	0	0.0	0	-0.8909766674041748	0.4454883337020874	0.08775367587804794	0.12435637414455414	0.053543463349342346	0.990791916847229	0.4366876184940338	0.8936852216720581	-0.10310529172420502
-1.0	-1.0	0.0	0.22555774450302124	0.8385738134384155	1.0	3	0.0	0	0.0	0	-0.8909766674041748	0.4454883337020874	-0.08775367587804794	-0.06146291270852089	0.07315605133771896	0.9954248070716858	0.44986987113952637	0.8922939300537109	-0.037799328565597534
0.0	1.0	0.0	0.22555774450302124	0.9970302581787109	1.0	3	0.0	0	0.0	0	-0.8909766674041748	0.4454883337020874	-0.08775367587804794	-0.06146291270852089	0.07315605133771896	0.9954248070716858	0.4498698115348816	0.8922938108444214	-0.03779931738972664
-0.9807852506637573	-1.0	-0.19509032368659973	0.2134307473897934	0.8397097587585449	1.0	3	0.0	0	0.0	0	-0.8909766674041748	0.4454883337020874	-0.08775367587804794	-0.06146291270852089	0.07315605133771896	0.9954248666763306	0.449869841337204	0.8922938704490662	-0.037799324840307236
-0.9807852506637573	-1.0	-0.19509032368659973	1.0	0.37368083000183105	1.0	3	0.0	0	0.0	0	-0.8567370176315308	0.4454883933067322	-0.25988829135894775	-0.23722447454929352	0.10705778747797012	0.9655378460884094	0.4579589068889618	0.888863742351532	0.013960378244519234
0.0	1.0	0.0	1.0	0.5314658880233765	1.0	3	0.0	0	0.0	0	-0.8567370176315308	0.4454883933067322	-0.25988829135894775	-0.23722444474697113	0.10705776512622833	0.9655377268791199	0.4579589068889618	0.8888638019561768	0.013960383832454681
-0.9238795042037964	-1.0	-0.3826834559440613	0.989199161529541	0.3753397464752197	1.0	3	0.0	0	0.0	0	-0.8567370176315308	0.4454883933067322	-0.25988829135894775	-0.23722447454929352	0.10705778002738953	0.9655377864837646	0.4579589366912842	0.8888638019561768	0.01396038755774498
-0.9238795042037964	-1.0	-0.3826834559440613	0.9811067581176758	0.2766536474227905	1.0	3	0.0	0	0.0	0	-0.7895733118057251	0.4454883635044098	-0.42203569412231445	0.5019239783287048	0.07315605878829956	-0.8618123531341553	-0.35305291414260864	-0.8922938704490662	-0.2813633680343628
0.0	1.0	0.0	0.9932337403297424	0.11933314800262451	1.0	3	0.0	0	0.0	0	-0.7895733118057251	0.4454883635044098	-0.42203569412231445	0.5019239783287048	0.07315606623888016	-0.8618123531341553	-0.35305291414260864	-0.8922938704490662	-0.2813633680343628
-0.8314695954322815	-1.0	-0.5555702447891235	0.9932337403297424	0.2777895927429199	1.0	3	0.0	0	0.0	0	-0.7895733118057251	0.4454883635044098	-0.42203569412231445	0.5019239783287048	0.07315608114004135	-0.8618123531341553	-0.35305294394493103	-0.8922939300537109	-0.2813633978366852
-0.8314695954322815	-1.0	-0.5555702447891235	0.9822227358818054	0.7072490453720093	1.0	3	0.0	0	0.0	0	-0.6920667886734009	0.4454883635044098	-0.5679646134376526	-0.6280439496040344	0.016235943883657455	0.7780084609985352	0.3558151125907898	0.895140528678894	0.2685498595237732
0.0	1.0	0.0	0.9822227358818054	0.8657054901123047	1.0	3	0.0	0	0.0	0	-0.6920667886734009	0.4454883635044098	-0.5679646134376526	-0.6280439496040344	0.016235943883657455	0.7780084609985352	0.3558151125907898	0.895140528678894	0.2685498595237732
-0.7071067690849304	-1.0	-0.7071067690849304	0.9690762758255005	0.7075010538101196	1.0	3	0.0	0	0.0	0	-0.6920667886734009	0.4454883635044098	-0.5679646134376526	-0.6280439496040344	0.01623595505952835	0.7780084609985352	0.3558151423931122	0.8951404690742493	0.2685498595237732
-0.7071067690849304	-1.0	-0.7071067690849304	0.9553353786468506	0.8654029965400696	1.0	3	0.0	0	0.0	0	-0.5679646134376526	0.4454883635044098	-0.6920667886734009	0.7860209941864014	0.044202033430337906	-0.6166176199913025	-0.24410517513751984	-0.8941959142684937	-0.3752683401107788
0.0	1.0	0.0	0.9690762162208557	0.707248866558075	1.0	3	0.0	0	0.0	0	-0.5679646134376526	0.4454883635044098	-0.6920667886734009	0.7860209345817566	0.04420200362801552	-0.6166176199913025	-0.24410519003868103	-0.8941959142684937	-0.3752683103084564
-0.5555702447891235	-1.0	-0.8314695954322815	0.9690762162208557	0.8660905361175537	1.0	3	0.0	0	0.0	0	-0.5679646134376526	0.4454883635044098	-0.6920667886734009	0.7860209941864014	0.04420201852917671	-0.6166176795959473	-0.24410521984100342	-0.8941959142684937	-0.3752683401107788
-0.5555702447891235	-1.0	-0.8314695954322815	0.9265046715736389	0.27802205085754395	1.0	3	0.0	0	0.0	0	-0.42203569412231445	0.4454883635044098	-0.7895733118057251	0.8819212913513184	1.327658782912522e-08	-0.47139671444892883	-0.21000173687934875	-0.8952877521514893	-0.392885684967041
0.0	1.0	0.0	0.933487594127655	0.11933314800262451	1.0	3	0.0	0	0.0	0	-0.42203569412231445	0.4454883635044098	-0.7895733118057251	0.8819212913513184	0.0	-0.4713967442512512	-0.21000176668167114	-0.8952877521514893	-0.392885684967041
-0.3826834559440613	-1.0	-0.9238795042037964	0.9404703974723816	0.27802205085754395	1.0	3	0.0	0	0.0	0	-0.42203569412231445	0.4454883635044098	-0.7895733118057251	0.8819212317466736	0.0	-0.47139668464660645	-0.21000173687934875	-0.8952876925468445	-0.39288562536239624
0.19509032368659973	-1.0	0.9807852506637573	0.8076034188270569	0.4974011182785034	1.0	3	0.0	0	0.0	0	0.0	-1.0	0.0	0.09801725298166275	0.0	0.9951846599578857	-0.9951846599578857	0.0	0.09801725298166275
-0.9807852506637573	-1.0	0.19509032368659973	0.7436880469322205	0.5750976800918579	1.0	3	0.0	0	0.0	0	0.0	-1.0	0.0	0.09801696240901947	0.0	0.9951847791671753	-0.9951847791671753	0.0	0.09801696240901947
-0.19509032368659973	-1.0	-0.9807852506637573	0.6658068895339966	0.5113337635993958	1.0	3	0.0	0	0.0	0	0.0	-1.0	0.0	0.09801710397005081	0.0	0.9951847791671753	-0.9951847791671753	0.0	0.09801710397005081
-0.3826834559440613	-1.0	-0.9238795042037964	0.9542112946510315	0.11933314800262451	1.0	3	0.0	0	0.0	0	-0.25988829135894775	0.4454883933067322	-0.8567370176315308	-0.9493879675865173	0.044205836951732635	0.3109799027442932	0.17641068994998932	0.8941957354545593	0.41145268082618713
0.0	1.0	0.0	0.9542112946510315	0.27817487716674805	1.0	3	0.0	0	0.0	0	-0.25988829135894775	0.4454883933067322	-0.8567370176315308	-0.9493879079818726	0.04420582950115204	0.3109799027442932	0.17641068994998932	0.8941957950592041	0.4114527106285095
-0.19509032368659973	-1.0	-0.9807852506637573	0.9404704570770264	0.12002074718475342	1.0	3	0.0	0	0.0	0	-0.25988829135894775	0.4454883933067322	-0.8567370176315308	-0.9493879079818726	0.04420582950115204	0.3109799027442932	0.17641068994998932	0.8941957950592041	0.4114527106285095
-0.19509032368659973	-1.0	-0.9807852506637573	0.03939126804471016	0.8255413770675659	1.0	3	0.0	0	0.0	0	-0.08775367587804794	0.4454883337020874	-0.8909766674041748	-0.9907919764518738	0.053543467074632645	0.12435638159513474	0.10310529917478561	0.8936852812767029	0.4366876482963562
0.0	1.0	0.0	0.03939126804471016	0.9842884540557861	1.0	3	0.0	0	0.0	0	-0.08775367587804794	0.4454883337020874	-0.8909766674041748	-0.990791916847229	0.053543467074632645	0.12435636669397354	0.10310529172420502	0.8936852216720581	0.4366876184940338
0.0	-1.0	-1.0	0.026268871501088142	0.826373815536499	1.0	3	0.0	0	0.0	0	-0.08775367587804794	0.4454883337020874	-0.8909766674041748	-0.990791916847229	0.053543463349342346	0.12435637414455414	0.10310529172420502	0.8936852216720581	0.4366876184940338
-0.19509032368659973	-1.0	-0.9807852506637573	0.6658068895339966	0.5113337635993958	1.0	3	0.0	0	0.0	0	0.0	-1.0	0.0	0.09801710397005081	0.0	0.9951847791671753	-0.9951847195625305	0.0	0.09801709651947021
0.0	-1.0	-1.0	0.6658068895339966	0.4974011182785034	1.0	3	0.0	0	0.0	0	0.0	-1.0	0.0	0.0980067178606987	0.0	0.9951857924461365	-0.9951857328414917	0.0	0.0980067104101181
0.19509032368659973	-1.0	-0.9807852506637573	0.6685314774513245	0.48373615741729736	1.0	3	0.0	0	0.0	0	0.0	-1.0	0.0	0.09801830351352692	0.0	0.9951846599578857	-0.995184600353241	0.0	0.09801829606294632
0.19509032368659973	-1.0	-0.9807852506637573	0.6685314774513245	0.48373615741729736	1.0	3	0.0	0	0.0	0	0.0	-1.0	0.0	0.09800005704164505	0.0	0.995186448097229	-0.995186448097229	0.0	0.09800005704164505
0.3826834559440613	-1.0	-0.9238795042037964	0.6738759279251099	0.47086411714553833	1.0	3	0.0	0	0.0	0	0.0	-1.0	0.0	0.09800004959106445	0.0	0.995186448097229	-0.995186448097229	0.0	0.09800004959106445
0.5555702447891235	-1.0	-0.8314695954322815	0.6816348433494568	0.45927953720092773	1.0	3	0.0	0	0.0	0	0.0	-1.0	0.0	0.09800005704164505	0.0	0.995186448097229	-0.995186448097229	0.0	0.09800005704164505
0.5555702447891235	-1.0	-0.8314695954322815	0.6816348433494568	0.45927953720092773	1.0	3	0.0	0	0.0	0	0.0	-1.0	0.0	0.09801974892616272	0.0	0.9951845407485962	-0.9951844811439514	0.0	0.09801974147558212
0.7071067690849304	-1.0	-0.7071067690849304	0.6915101408958435	0.44942766427993774	1.0	3	0.0	0	0.0	0	0.0	-1.0	0.0	0.09801974147558212	0.0	0.9951845407485962	-0.9951844811439514	0.0	0.09801973402500153
0.8314695954322815	-1.0	-0.5555702447891235	0.7031222581863403	0.44168710708618164	1.0	3	0.0	0	0.0	0	0.0	-1.0	0.0	0.09801974892616272	0.0	0.9951845407485962	-0.9951844811439514	0.0	0.09801974147558212
0.8314695954322815	-1.0	-0.5555702447891235	0.7031222581863403	0.44168710708618164	1.0	3	0.0	0	0.0	0	0.0	-1.0	0.0	0.098023422062397	0.0	0.9951841831207275	-0.9951841831207275	0.0	0.098023422062397
0.9238795042037964	-1.0	-0.3826834559440613	0.7160249352455139	0.4363552927970886	1.0	3	0.0	0	0.0	0	0.0	-1.0	0.0	0.0980234295129776	0.0	0.9951841831207275	-0.9951841831207275	0.0	0.0980234295129776
0.9807852506637573	-1.0	-0.19509032368659973	0.729722261428833	0.43363720178604126	1.0	3	0.0	0	0.0	0	0.0	-1.0	0.0	0.098023422062397	0.0	0.9951841831207275	-0.9951841831207275	0.0	0.098023422062397
0.9807852506637573	-1.0	-0.19509032368659973	0.729722261428833	0.43363720178604126	1.0	3	0.0	0	0.0	0	0.0	-1.0	0.0	0.09801728278398514	0.0	0.9951846599578857	-0.9951847195625305	0.0	0.09801729023456573
1.0	-1.0	0.0	0.7436880469322205	0.43363720178604126	1.0	3	0.0	0	0.0	0	0.0	-1.0	0.0	0.09801729023456573	0.0	0.9951847195625305	-0.9951847791671753	0.0	0.09801729768514633
0.9807852506637573	-1.0	0.19509032368659973	0.7573853731155396	0.4363553524017334	1.0	3	0.0	0	0.0	0	0.0	-1.0	0.0	0.09801728278398514	0.0	0.9951846599578857	-0.9951847195625305	0.0	0.09801729023456573
0.9807852506637573	-1.0	0.19509032368659973	0.7573853731155396	0.4363553524017334	1.0	3	0.0	0	0.0	0	0.0	-1.0	0.0	0.09801014512777328	0.0	0.9951854348182678	-0.9951854348182678	0.0	0.09801014512777328
0.9238795042037964	-1.0	0.3826834559440613	0.7702880501747131	0.44168710708618164	1.0	3	0.0	0	0.0	0	0.0	-1.0	0.0	0.09801013767719269	0.0	0.9951854944229126	-0.9951854944229126	0.0	0.09801013767719269
0.8314695954322815	-1.0	0.5555702447891235	0.78190016746521	0.44942766427993774	1.0	3	0.0	0	0.0	0	0.0	-1.0	0.0	0.09801014512777328	0.0	0.9951854348182678	-0.9951854348182678	0.0	0.09801014512777328
0.8314695954322815	-1.0	0.5555702447891235	0.78190016746521	0.44942766427993774	1.0	3	0.0	0	0.0	0	0.0	-1.0	0.0	0.0980159193277359	0.0	0.9951848387718201	-0.9951848983764648	0.0	0.0980159267783165
0.7071067690849304	-1.0	0.7071067690849304	0.7917754650115967	0.45927953720092773	1.0	3	0.0	0	0.0	0	0.0	-1.0	0.0	0.0980159267783165	0.0	0.9951848983764648	-0.9951848387718201	0.0	0.0980159193277359
0.5555702447891235	-1.0	0.8314695954322815	0.7995343804359436	0.47086411714553833	1.0	3	0.0	0	0.0	0	0.0	-1.0	0.0	0.0980159193277359	0.0	0.9951848387718201	-0.9951848983764648	0.0	0.0980159267783165
0.5555702447891235	-1.0	0.8314695954322815	0.7995343804359436	0.47086411714553833	1.0	3	0.0	0	0.0	0	0.0	-1.0	0.0	0.09803365170955658	0.0	0.9951830506324768	-0.9951830506324768	0.0	0.09803365170955658
0.3826834559440613	-1.0	0.9238795042037964	0.804878830909729	0.48373621702194214	1.0	3	0.0	0	0.0	0	0.0	-1.0	0.0	0.09803365170955658	0.0	0.9951831102371216	-0.9951831102371216	0.0	0.09803365170955658
0.19509032368659973	-1.0	0.9807852506637573	0.8076034188270569	0.4974011182785034	1.0	3	0.0	0	0.0	0	0.0	-1.0	0.0	0.09803365170955658	0.0	0.9951830506324768	-0.9951830506324768	0.0	0.09803365170955658
0.19509032368659973	-1.0	0.9807852506637573	0.8076034188270569	0.4974011182785034	1.0	3	0.0	0	0.0	0	0.0	-1.0	0.0	0.09801725298166275	0.0	0.9951846599578857	-0.9951847195625305	0.0	0.09801726043224335
0.0	-1.0	1.0	0.8076034188270569	0.5113337635993958	1.0	3	0.0	0	0.0	0	0.0	-1.0	0.0	0.09802855551242828	0.0	0.9951835870742798	-0.9951836466789246	0.0	0.09802856296300888
-0.19509032368659973	-1.0	0.9807852506637573	0.804878830909729	0.524998664855957	1.0	3	0.0	0	0.0	0	0.0	-1.0	0.0	0.09801629930734634	0.0	0.9951848983764648	-0.9951848387718201	0.0	0.09801629185676575
-0.19509032368659973	-1.0	0.9807852506637573	0.804878830909729	0.524998664855957	1.0	3	0.0	0	0.0	0	0.0	-1.0	0.0	0.0980180948972702	0.0	0.9951846599578857	-0.9951846599578857	0.0	0.0980180948972702
-0.3826834559440613	-1.0	0.9238795042037964	0.7995343208312988	0.5378707647323608	1.0	3	0.0	0	0.0	0	0.0	-1.0	0.0	0.0980180874466896	0.0	0.9951846599578857	-0.9951846599578857	0.0	0.0980180874466896
-0.5555702447891235	-1.0	0.8314695954322815	0.7917754650115967	0.5494553446769714	1.0	3	0.0	0	0.0	0	0.0	-1.0	0.0	0.0980180948972702	0.0	0.9951846599578857	-0.9951846599578857	0.0	0.0980180948972702
-0.5555702447891235	-1.0	0.8314695954322815	0.7917754650115967	0.5494553446769714	1.0	3	0.0	0	0.0	0	0.0	-1.0	0.0	0.09801974892616272	0.0	0.9951845407485962	-0.9951844811439514	0.0	0.09801974147558212
-0.7071067690849304	-1.0	0.7071067690849304	0.78190016746521	0.5593072175979614	1.0	3	0.0	0	0.0	0	0.0	-1.0	0.0	0.09801974147558212	0.0	0.9951845407485962	-0.9951844811439514	0.0	0.09801973402500153
-0.8314695954322815	-1.0	0.5555702447891235	0.7702880501747131	0.5670477747917175	1.0	3	0.0	0	0.0	0	0.0	-1.0	0.0	0.09801974892616272	0.0	0.9951845407485962	-0.9951844811439514	0.0	0.09801974147558212
-0.8314695954322815	-1.0	0.5555702447891235	0.7702880501747131	0.5670477747917175	1.0	3	0.0	0	0.0	0	0.0	-1.0	0.0	0.09801078587770462	0.0	0.995185375213623	-0.995185375213623	0.0	0.09801078587770462
-0.9238795042037964	-1.0	0.3826834559440613	0.7573853731155396	0.5723795294761658	1.0	3	0.0	0	0.0	0	0.0	-1.0	0.0	0.09801078587770462	0.0	0.995185375213623	-0.995185375213623	0.0	0.09801078587770462
-0.9807852506637573	-1.0	0.19509032368659973	0.7436880469322205	0.5750976800918579	1.0	3	0.0	0	0.0	0	0.0	-1.0	0.0	0.09801078587770462	0.0	0.995185375213623	-0.995185375213623	0.0	0.09801078587770462
-0.9807852506637573	-1.0	0.19509032368659973	0.7436880469322205	0.5750976800918579	1.0	3	0.0	0	0.0	0	0.0	-1.0	0.0	0.09801728278398514	0.0	0.9951846599578857	-0.9951847195625305	0.0	0.09801729023456573
-1.0	-1.0	0.0	0.729722261428833	0.5750976800918579	1.0	3	0.0	0	0.0	0	0.0	-1.0	0.0	0.09801729023456573	0.0	0.9951847195625305	-0.9951847791671753	0.0	0.09801729768514633
-0.9807852506637573	-1.0	-0.19509032368659973	0.7160248756408691	0.5723795294761658	1.0	3	0.0	0	0.0	0	0.0	-1.0	0.0	0.09801728278398514	0.0	0.9951846599578857	-0.9951847195625305	0.0	0.09801729023456573
-0.9807852506637573	-1.0	-0.19509032368659973	0.7160248756408691	0.5723795294761658	1.0	3	0.0	0	0.0	0	0.0	-1.0	0.0	0.09803061187267303	0.0	0.9951833486557007	-0.9951833486557007	0.0	0.09803061187267303
-0.9238795042037964	-1.0	-0.3826834559440613	0.7031222581863403	0.5670477151870728	1.0	3	0.0	0	0.0	0	0.0	-1.0	0.0	0.09803062677383423	0.0	0.9951834082603455	-0.9951834082603455	0.0	0.09803062677383423
-0.8314695954322815	-1.0	-0.5555702447891235	0.6915101408958435	0.5593072175979614	1.0	3	0.0	0	0.0	0	0.0	-1.0	0.0	0.09803061187267303	0.0	0.9951833486557007	-0.9951833486557007	0.0	0.09803061187267303
-0.8314695954322815	-1.0	-0.5555702447891235	0.6915101408958435	0.5593072175979614	1.0	3	0.0	0	0.0	0	0.0	-1.0	0.0	0.0980159193277359	0.0	0.9951848387718201	-0.9951848983764648	0.0	0.0980159267783165
-0.7071067690849304	-1.0	-0.7071067690849304	0.6816348433494568	0.5494553446769714	1.0	3	0.0	0	0.0	0	0.0	-1.0	0.0	0.0980159267783165	0.0	0.9951848983764648	-0.9951848387718201	0.0	0.0980159193277359
-0.5555702447891235	-1.0	-0.8314695954322815	0.6738759279251099	0.5378707647323608	1.0	3	0.0	0	0.0	0	0.0	-1.0	0.0	0.0980159193277359	0.0	0.9951848387718201	-0.9951848983764648	0.0	0.0980159267783165
-0.5555702447891235	-1.0	-0.8314695954322815	0.6738759279251099	0.5378707647323608	1.0	3	0.0	0	0.0	0	0.0	-1.0	0.0	0.09803365170955658	0.0	0.9951830506324768	-0.9951830506324768	0.0	0.09803365170955658
-0.3826834559440613	-1.0	-0.9238795042037964	0.6685314178466797	0.524998664855957	1.0	3	0.0	0	0.0	0	0.0	-1.0	0.0	0.09803365170955658	0.0	0.9951831102371216	-0.9951831102371216	0.0	0.09803365170955658
-0.19509032368659973	-1.0	-0.9807852506637573	0.6658068895339966	0.5113337635993958	1.0	3	0.0	0	0.0	0	0.0	-1.0	0.0	0.09803365170955658	0.0	0.9951830506324768	-0.9951830506324768	0.0	0.09803365170955658
0.19509032368659973	-1.0	-0.9807852506637573	0.6685314774513245	0.48373615741729736	1.0	3	0.0	0	0.0	0	0.0	-1.0	0.0	0.09801830351352692	0.0	0.9951846599578857	-0.9951846599578857	0.0	0.09801830351352692
0.9807852506637573	-1.0	-0.19509032368659973	0.729722261428833	0.43363720178604126	1.0	3	0.0	0	0.0	0	0.0	-1.0	0.0	0.09801731258630753	0.0	0.9951847791671753	-0.9951847791671753	0.0	0.09801731258630753
0.19509032368659973	-1.0	-0.9807852506637573	0.6685314774513245	0.48373615741729736	1.0	3	0.0	0	0.0	0	0.0	-1.0	0.0	0.09801629185676575	0.0	0.9951848983764648	-0.9951848983764648	0.0	0.09801629185676575
0.5555702447891235	-1.0	-0.8314695954322815	0.6816348433494568	0.45927953720092773	1.0	3	0.0	0	0.0	0	0.0	-1.0	0.0	0.09801626205444336	0.0	0.9951847791671753	-0.9951847791671753	0.0	0.09801626205444336
0.9807852506637573	-1.0	-0.19509032368659973	0.729722261428833	0.43363720178604126	1.0	3	0.0	0	0.0	0	0.0	-1.0	0.0	0.09801629930734634	0.0	0.9951848983764648	-0.9951848983764648	0.0	0.09801629930734634
0.5555702447891235	-1.0	-0.8314695954322815	0.6816348433494568	0.45927953720092773	1.0	3	0.0	0	0.0	0	0.0	-1.0	0.0	0.09801788628101349	0.0	0.9951846599578857	-0.9951846599578857	0.0	0.09801788628101349
0.8314695954322815	-1.0	-0.5555702447891235	0.7031222581863403	0.44168710708618164	1.0	3	0.0	0	0.0	0	0.0	-1.0	0.0	0.09801789373159409	0.0	0.9951846599578857	-0.9951846599578857	0.0	0.09801789373159409
0.9807852506637573	-1.0	-0.19509032368659973	0.729722261428833	0.43363720178604126	1.0	3	0.0	0	0.0	0	0.0	-1.0	0.0	0.09801789373159409	0.0	0.9951847195625305	-0.9951847195625305	0.0	0.09801789373159409
0.9807852506637573	-1.0	-0.19509032368659973	0.729722261428833	0.43363720178604126	1.0	3	0.0	0	0.0	0	0.0	-1.0	0.0	0.09801826626062393	0.0	0.9951846599578857	-0.9951846599578857	0.0	0.09801826626062393
0.9807852506637573	-1.0	0.19509032368659973	0.7573853731155396	0.4363553524017334	1.0	3	0.0	0	0.0	0	0.0	-1.0	0.0	0.09801828116178513	0.0	0.9951846599578857	-0.9951846599578857	0.0	0.09801828116178513
0.19509032368659973	-1.0	0.9807852506637573	0.8076034188270569	0.4974011182785034	1.0	3	0.0	0	0.0	0	0.0	-1.0	0.0	0.09801826626062393	0.0	0.9951846599578857	-0.9951846599578857	0.0	0.09801826626062393
0.9807852506637573	-1.0	0.19509032368659973	0.7573853731155396	0.4363553524017334	1.0	3	0.0	0	0.0	0	0.0	-1.0	0.0	0.09801480919122696	0.0	0.9951850175857544	-0.9951850175857544	0.0	0.09801480919122696
0.8314695954322815	-1.0	0.5555702447891235	0.78190016746521	0.44942766427993774	1.0	3	0.0	0	0.0	0	0.0	-1.0	0.0	0.09801479429006577	0.0	0.9951849579811096	-0.9951849579811096	0.0	0.09801479429006577
0.19509032368659973	-1.0	0.9807852506637573	0.8076034188270569	0.4974011182785034	1.0	3	0.0	0	0.0	0	0.0	-1.0	0.0	0.09801479429006577	0.0	0.9951849579811096	-0.9951849579811096	0.0	0.09801479429006577
0.8314695954322815	-1.0	0.5555702447891235	0.78190016746521	0.44942766427993774	1.0	3	0.0	0	0.0	0	0.0	-1.0	0.0	0.09801972657442093	0.0	0.9951845407485962	-0.9951845407485962	0.0	0.09801972657442093
0.5555702447891235	-1.0	0.8314695954322815	0.7995343804359436	0.47086411714553833	1.0	3	0.0	0	0.0	0	0.0	-1.0	0.0	0.09801971912384033	0.0	0.9951844811439514	-0.9951844811439514	0.0	0.09801971912384033
0.19509032368659973	-1.0	0.9807852506637573	0.8076034188270569	0.4974011182785034	1.0	3	0.0	0	0.0	0	0.0	-1.0	0.0	0.09801972657442093	0.0	0.9951845407485962	-0.9951845407485962	0.0	0.09801972657442093
-0.19509032368659973	-1.0	0.9807852506637573	0.804878830909729	0.524998664855957	1.0	3	0.0	0	0.0	0	0.0	-1.0	0.0	0.09801629930734634	0.0	0.9951848983764648	-0.9951848983764648	0.0	0.09801629930734634
-0.19509032368659973	-1.0	0.9807852506637573	0.804878830909729	0.524998664855957	1.0	3	0.0	0	0.0	0	0.0	-1.0	0.0	0.09801816195249557	0.0	0.995184600353241	-0.995184600353241	0.0	0.09801816195249557
-0.5555702447891235	-1.0	0.8314695954322815	0.7917754650115967	0.5494553446769714	1.0	3	0.0	0	0.0	0	0.0	-1.0	0.0	0.09801814705133438	0.0	0.995184600353241	-0.995184600353241	0.0	0.09801814705133438
-0.9807852506637573	-1.0	0.19509032368659973	0.7436880469322205	0.5750976800918579	1.0	3	0.0	0	0.0	0	0.0	-1.0	0.0	0.09801816195249557	0.0	0.9951846599578857	-0.9951846599578857	0.0	0.09801816195249557
-0.5555702447891235	-1.0	0.8314695954322815	0.7917754650115967	0.5494553446769714	1.0	3	0.0	0	0.0	0	0.0	-1.0	0.0	0.09801788628101349	0.0	0.9951846599578857	-0.9951846599578857	0.0	0.09801788628101349
-0.8314695954322815	-1.0	0.5555702447891235	0.7702880501747131	0.5670477747917175	1.0	3	0.0	0	0.0	0	0.0	-1.0	0.0	0.09801789373159409	0.0	0.9951846599578857	-0.9951846599578857	0.0	0.09801789373159409
