352	152	11
-1.0	1.0	-1.0	0.7173154950141907	0.0	1.0	0	0.0	0	0.0	0	0.0	0.0	-1.0	0.0	1.0	0.0	1.0	0.0	0.0
1.0	2.2815322875976562	-1.0	0.8322330117225647	0.17934364080429077	1.0	0	0.0	0	0.0	0	0.0	0.0	-1.0	0.0	1.0	0.0	1.0	0.0	0.0
1.0	1.0	-1.0	0.7173154950141907	0.17934364080429077	1.0	0	0.0	0	0.0	0	0.0	0.0	-1.0	0.0	1.0	0.0	1.0	0.0	0.0
1.0	1.0	1.0	0.7173409461975098	0.3631846308708191	1.0	0	0.0	0	0.0	0	0.0	0.0	1.0	1.0	-4.985225245945912e-07	0.0	4.985225245945912e-07	1.0	0.0
-1.0	-1.0	1.0	0.5379973649978638	0.18384063243865967	1.0	0	0.0	0	0.0	0	0.0	0.0	1.0	1.0	-4.985225245945912e-07	0.0	4.985225245945912e-07	1.0	0.0
1.0	-1.0	1.0	0.7173409461975098	0.18384075164794922	1.0	0	0.0	0	0.0	0	0.0	0.0	1.0	1.0	-6.64696699459455e-07	0.0	6.64696699459455e-07	1.0	0.0
-1.0	1.0	-1.0	0.0	0.3631882071495056	1.0	0	0.0	0	0.0	0	-1.0	0.0	0.0	0.0	-1.0	-1.1712509007111294e-07	0.0	-1.1712509007111294e-07	1.0
-1.0	-1.0	-1.0	0.17899799346923828	0.3631882071495056	1.0	0	0.0	0	0.0	0	-1.0	0.0	0.0	0.0	-1.0	0.0	0.0	0.0	1.0
-1.0	-1.0	0.0	0.17899799346923828	0.45286017656326294	1.0	0	0.0	0	0.0	0	-1.0	0.0	0.0	0.0	-1.0	-4.905099615371e-08	0.0	-4.905099615371e-08	1.0
1.0	-1.0	1.0	0.894726574420929	0.7375445365905762	1.0	0	0.0	0	0.0	0	0.9999523758888245	-0.009765124879777431	0.0	0.0014410564908757806	0.14756470918655396	0.989051342010498	-0.00965820997953415	-0.9890042543411255	0.14757174253463745
0.9803626537322998	-3.010871410369873	0.2992251217365265	0.806033730506897	0.9063974618911743	1.0	8	0.0	0	0.0	0	0.9999523758888245	-0.009765124879777431	0.0	0.0014410566072911024	0.14756472408771515	0.9890514016151428	-0.009658209048211575	-0.9890041947364807	0.14757174253463745
1.0	-1.0	0.0	0.806033730506897	0.7243292331695557	1.0	0	0.0	0	0.0	0	0.9999523758888245	-0.009765124879777431	0.0	0.0014410564908757806	0.14756470918655396	0.989051342010498	-0.00965820997953415	-0.9890042543411255	0.14757174253463745
1.0	1.0	1.0	0.5379973649978638	0.36318451166152954	1.0	0	0.0	0	0.0	0	1.0	0.0	0.0	0.0	-1.0	1.1712509007111294e-07	0.0	-1.1712509007111294e-07	-1.0
1.0	-1.0	1.0	0.716995358467102	0.36318451166152954	1.0	0	0.0	0	0.0	0	1.0	0.0	0.0	0.0	-1.0	0.0	0.0	0.0	-1.0
1.0	-1.0	0.0	0.716995358467102	0.45285648107528687	1.0	0	0.0	0	0.0	0	1.0	0.0	0.0	0.0	-1.0	4.905099615371e-08	0.0	-4.905099615371e-08	-1.0
-1.0	1.0	-1.0	0.5379972457885742	0.3631845712661743	1.0	0	0.0	0	0.0	0	0.0	0.0	-1.0	-1.0	0.0	0.0	0.0	1.0	0.0
1.0	-1.0	-1.0	0.358653724193573	0.18384063243865967	1.0	0	0.0	0	0.0	0	0.0	0.0	-1.0	-1.0	0.0	0.0	0.0	1.0	0.0
-1.0	-1.0	-1.0	0.5379973649978638	0.18384063243865967	1.0	0	0.0	0	0.0	0	0.0	0.0	-1.0	-1.0	0.0	0.0	0.0	1.0	0.0
-1.0	2.2815322875976562	-1.0	0.17930996417999268	0.7245615720748901	1.0	0	0.0	0	0.0	0	0.0	1.0	0.0	1.0	0.0	0.0	0.0	0.0	-1.0
1.0	2.2815322875976562	1.0	0.3583066463470459	0.5452176332473755	1.0	0	0.0	0	0.0	0	0.0	1.0	0.0	1.0	0.0	0.0	0.0	0.0	-1.0
1.0	2.2815322875976562	-1.0	0.3583066463470459	0.7245615720748901	1.0	0	0.0	0	0.0	0	0.0	1.0	0.0	1.0	0.0	0.0	0.0	0.0	-1.0
1.0	1.0	1.0	0.7173409461975098	0.5449856519699097	1.0	0	0.0	0	0.0	0	0.0	0.0	1.0	0.0	1.0	0.0	-1.0	0.0	0.0
-1.0	2.2815322875976562	1.0	0.8322584629058838	0.7243292331695557	1.0	0	0.0	0	0.0	0	0.0	0.0	1.0	0.0	1.0	0.0	-1.0	0.0	0.0
-1.0	1.0	1.0	0.7173409461975098	0.7243292331695557	1.0	0	0.0	0	0.0	0	0.0	0.0	1.0	0.0	1.0	0.0	-1.0	0.0	0.0
-1.0	1.0	1.0	0.47334957122802734	0.9012163877487183	1.0	0	0.0	0	0.0	0	-1.0	0.0	0.0	0.0	-1.0	0.0	0.0	0.0	1.0
-1.0	2.2815322875976562	-1.0	0.3586537837982178	0.7218725085258484	1.0	0	0.0	0	0.0	0	-1.0	0.0	0.0	0.0	-1.0	0.0	0.0	0.0	1.0
-1.0	1.0	-1.0	0.47334957122802734	0.7218725085258484	1.0	0	0.0	0	0.0	0	-1.0	0.0	0.0	0.0	-1.0	0.0	0.0	0.0	1.0
1.0	1.0	-1.0	0.11469578742980957	0.9012199640274048	1.0	0	0.0	0	0.0	0	1.0	0.0	0.0	0.0	-1.0	0.0	0.0	0.0	-1.0
1.0	2.2815322875976562	1.0	0.0	0.7218760848045349	1.0	0	0.0	0	0.0	0	1.0	0.0	0.0	0.0	-1.0	0.0	0.0	0.0	-1.0
1.0	1.0	1.0	0.11469578742980957	0.7218760848045349	1.0	0	0.0	0	0.0	0	1.0	0.0	0.0	0.0	-1.0	0.0	0.0	0.0	-1.0
-1.0	0.9999999403953552	1.0	0.35865360498428345	0.5452176332473755	1.0	0	0.0	0	0.0	0	0.0	0.0	-1.0	-1.0	-8.308707322157716e-08	0.0	-8.308707322157716e-08	1.0	0.0
1.0	-0.9999999403953552	1.0	0.17931008338928223	0.36587369441986084	1.0	0	0.0	0	0.0	0	0.0	0.0	-1.0	-1.0	-8.308707322157716e-08	0.0	-8.308707322157716e-08	1.0	0.0
-0.9999999403953552	-1.0	1.0	0.3586536645889282	0.36587369441986084	1.0	0	0.0	0	0.0	0	0.0	0.0	-1.0	-1.0	-8.30870661161498e-08	0.0	-8.30870661161498e-08	1.0	0.0
-0.9999999403953552	-1.0	-1.6469693183898926	0.8506220579147339	0.36289477348327637	1.0	0	0.0	0	0.0	0	2.9802322387695312e-08	-1.0	0.0	0.0	0.0	1.0	-1.0	-2.9802322387695312e-08	0.0
1.0	-0.9999999403953552	-1.0	0.9086370468139648	0.18384063243865967	1.0	0	0.0	0	0.0	0	2.9802322387695312e-08	-1.0	0.0	0.0	0.0	1.0	-1.0	-2.9802322387695312e-08	0.0
-0.9999999403953552	-1.0	-1.0	0.9086370468139648	0.36289477348327637	1.0	0	0.0	0	0.0	0	2.9802322387695312e-08	-1.0	0.0	0.0	0.0	1.0	-1.0	-2.9802322387695312e-08	0.0
1.0	-0.9999999403953552	-1.6469693183898926	0.9527416825294495	0.7243292927742004	1.0	0	0.0	0	0.0	0	1.0	2.9802322387695312e-08	0.0	0.0	0.0	-1.0	-2.9802322387695312e-08	1.0	0.0
0.9999999403953552	1.0	-1.0	0.8947266340255737	0.903327226638794	1.0	0	0.0	0	0.0	0	1.0	2.9802322387695312e-08	0.0	0.0	0.0	-1.0	-2.9802322387695312e-08	1.0	0.0
1.0	-0.9999999403953552	-1.0	0.8947266340255737	0.7243292927742004	1.0	0	0.0	0	0.0	0	1.0	2.9802322387695312e-08	0.0	0.0	0.0	-1.0	-2.9802322387695312e-08	1.0	0.0
0.9999999403953552	1.0	-1.6469693183898926	0.9534431099891663	0.5449857115745544	1.0	0	0.0	0	0.0	0	-2.9802322387695312e-08	1.0	0.0	0.0	0.0	-1.0	-1.0	-2.9802322387695312e-08	0.0
-1.0	0.9999999403953552	-1.0	0.8954281210899353	0.7239823937416077	1.0	0	0.0	0	0.0	0	-2.9802322387695312e-08	1.0	0.0	0.0	0.0	-1.0	-1.0	-2.9802322387695312e-08	0.0
0.9999999403953552	1.0	-1.0	0.8954281210899353	0.5449857115745544	1.0	0	0.0	0	0.0	0	-2.9802322387695312e-08	1.0	0.0	0.0	0.0	-1.0	-1.0	-2.9802322387695312e-08	0.0
-1.0	0.9999999403953552	-1.6469693183898926	0.8506221771240234	0.5418927669525146	1.0	0	0.0	0	0.0	0	-1.0	-2.9802322387695312e-08	0.0	0.0	0.0	1.0	-2.9802322387695312e-08	1.0	0.0
-0.9999999403953552	-1.0	-1.0	0.9086371660232544	0.36289477348327637	1.0	0	0.0	0	0.0	0	-1.0	-2.9802322387695312e-08	0.0	0.0	0.0	1.0	-2.9802322387695312e-08	1.0	0.0
-1.0	0.9999999403953552	-1.0	0.9086371660232544	0.5418927669525146	1.0	0	0.0	0	0.0	0	-1.0	-2.9802322387695312e-08	0.0	0.0	0.0	1.0	-2.9802322387695312e-08	1.0	0.0
0.9999999403953552	1.0	-1.0	0.5379974246025085	0.542528510093689	1.0	0	0.0	0	0.0	0	0.0	0.0	1.0	-1.0	0.0	0.0	0.0	-1.0	0.0
-0.9999999403953552	-1.0	-1.0	0.7173410058021545	0.7218724489212036	1.0	0	0.0	0	0.0	0	0.0	0.0	1.0	-1.0	0.0	0.0	0.0	-1.0	0.0
1.0	-0.9999999403953552	-1.0	0.5379974246025085	0.7218724489212036	1.0	0	0.0	0	0.0	0	0.0	0.0	1.0	-1.0	0.0	0.0	0.0	-1.0	0.0
1.0	-0.9999999403953552	-1.6469693183898926	0.5379719138145447	0.0	1.0	0	0.0	0	0.0	0	0.0	0.0	-1.0	-1.0	-8.308707322157716e-08	0.0	-8.308707322157716e-08	1.0	0.0
-1.0	0.9999999403953552	-1.6469693183898926	0.7173154354095459	0.17934393882751465	1.0	0	0.0	0	0.0	0	0.0	0.0	-1.0	-1.0	-8.308707322157716e-08	0.0	-8.308707322157716e-08	1.0	0.0
0.9999999403953552	1.0	-1.6469693183898926	0.5379718542098999	0.17934393882751465	1.0	0	0.0	0	0.0	0	0.0	0.0	-1.0	-1.0	-8.30870661161498e-08	0.0	-8.30870661161498e-08	1.0	0.0
1.0	-1.0	-1.0	0.17931818962097168	0.0030221939086914062	1.0	0	0.0	0	0.0	0	0.0	0.14542627334594727	-0.9893690347671509	0.9998549818992615	0.016851704567670822	0.0024770135059952736	0.01703277789056301	-0.9892255663871765	-0.14540518820285797
-0.9654824137687683	-3.016233444213867	-1.2963639497756958	0.0	0.18082213401794434	1.0	10	0.0	0	0.0	0	0.0	0.14542627334594727	-0.9893690347671509	0.9998549818992615	0.016851704567670822	0.0024770135059952736	0.01703277789056301	-0.9892255663871765	-0.14540518820285797
-1.0	-1.0	-1.0	0.0	0.0	1.0	0	0.0	0	0.0	0	0.0	0.14542627334594727	-0.9893690347671509	0.9998549222946167	0.016851704567670822	0.0024770135059952736	0.01703277789056301	-0.9892255067825317	-0.14540517330169678
-1.0	-1.0	0.0	0.17931817471981049	0.18384432792663574	1.0	0	0.0	0	0.0	0	0.0	0.0	0.0	1.0	0.0	0.0	0.0	0.0	0.0
1.0	-1.0	0.0	0.17931817471981049	0.18384432792663574	0.5	10	0.5	8	0.0	0	0.0	0.0	0.0	1.0	0.0	0.0	0.0	0.0	0.0
-1.0	-1.0	0.0	0.17931817471981049	0.18384432792663574	0.5	10	0.5	8	0.0	0	0.0	0.0	0.0	1.0	0.0	0.0	0.0	0.0	0.0
0.9803626537322998	-3.010871410369873	0.2992251217365265	0.8322330713272095	0.0	1.0	8	0.0	0	0.0	0	0.0	-1.0	0.0	0.0	0.0	1.0	-1.0	0.0	0.0
-1.0196372270584106	-3.010871410369873	1.299225091934204	0.921904981136322	0.1790541410446167	1.0	8	0.0	0	0.0	0	0.0	-1.0	0.0	0.0	0.0	1.0	-1.0	0.0	0.0
-1.0196372270584106	-3.010871410369873	0.2992251217365265	0.8322330713272095	0.1790541410446167	1.0	8	0.0	0	0.0	0	0.0	-1.0	0.0	0.0	0.0	1.0	-1.0	0.0	0.0
-1.0	-1.0	1.0	0.5379719138145447	0.0016995072364807129	1.0	0	0.0	0	0.0	0	0.0	0.1471831202507019	0.9891092777252197	-0.9999541640281677	0.009476082399487495	-0.0014100760454311967	-0.009580420330166817	-0.9890639185905457	0.1471763700246811
0.9803626537322998	-3.010871410369873	1.299225091934204	0.35863637924194336	0.1803303360939026	1.0	8	0.0	0	0.0	0	0.0	0.1471831202507019	0.9891092777252197	-0.9999541640281677	0.009476082399487495	-0.0014100760454311967	-0.009580420330166817	-0.9890639185905457	0.1471763700246811
1.0	-1.0	1.0	0.35863637924194336	0.0	1.0	0	0.0	0	0.0	0	0.0	0.1471831202507019	0.9891092777252197	-0.999954104423523	0.00947608146816492	-0.0014100759290158749	-0.009580419398844242	-0.9890638589859009	0.1471763700246811
-1.0	-1.0	0.0	0.1793181300163269	0.18554359674453735	1.0	0	0.0	0	0.0	0	0.0	-0.1471831351518631	-0.9891092777252197	0.9999539256095886	-0.009495733305811882	0.0014130003983154893	-0.009600288234651089	-0.9890636801719666	0.1471763551235199
0.9803626537322998	-3.010871410369873	0.2992251217365265	0.3586536645889282	0.3641706705093384	1.0	8	0.0	0	0.0	0	0.0	-0.1471831351518631	-0.9891092777252197	0.9999539256095886	-0.009495734237134457	0.0014130005147308111	-0.009600289165973663	-0.9890636801719666	0.1471763551235199
-1.0196372270584106	-3.010871410369873	0.2992251217365265	0.1793181300163269	0.36587369441986084	1.0	8	0.0	0	0.0	0	0.0	-0.1471831351518631	-0.9891092777252197	0.9999539256095886	-0.009495764970779419	0.0014130050549283624	-0.009600319899618626	-0.9890636801719666	0.1471763551235199
-1.0	-1.0	1.0	0.8060337901115417	0.9063975811004639	1.0	0	0.0	0	0.0	0	-0.9999523758888245	0.009765065275132656	0.0	0.0014410472940653563	0.14756466448307037	0.989051342010498	0.009658151306211948	0.9890042543411255	-0.14757169783115387
-1.0196372270584106	-3.010871410369873	0.2992251217365265	0.7173409461975098	0.7375445365905762	1.0	8	0.0	0	0.0	0	-0.9999523758888245	0.009765065275132656	0.0	0.0014410472940653563	0.14756466448307037	0.9890514016151428	0.009658150374889374	0.9890041947364807	-0.14757168292999268
-1.0196372270584106	-3.010871410369873	1.299225091934204	0.806033730506897	0.7243292331695557	1.0	8	0.0	0	0.0	0	-0.9999523758888245	0.009765065275132656	0.0	0.0014410472940653563	0.14756466448307037	0.989051342010498	0.009658151306211948	0.9890042543411255	-0.14757169783115387
1.0345176458358765	-3.016233444213867	-1.2963639497756958	0.17931008338928223	0.7245614528656006	1.0	10	0.0	0	0.0	0	0.0	-1.0	0.0	0.0	0.0	1.0	-1.0	0.0	0.0
-0.9654824137687683	-3.016233444213867	-0.2963639795780182	0.26898205280303955	0.9036155939102173	1.0	10	0.0	0	0.0	0	0.0	-1.0	0.0	0.0	0.0	1.0	-1.0	0.0	0.0
-0.9654824137687683	-3.016233444213867	-1.2963639497756958	0.17931008338928223	0.9036155939102173	1.0	10	0.0	0	0.0	0	0.0	-1.0	0.0	0.0	0.0	1.0	-1.0	0.0	0.0
1.0	-1.0	0.0	0.1793181300163269	0.0030187368392944336	1.0	0	0.0	0	0.0	0	0.0	-0.14542628824710846	0.9893690347671509	-0.9998552799224854	-0.016832426190376282	-0.0024741801898926497	0.017013292759656906	-0.9892258644104004	-0.14540524780750275
-0.9654824137687683	-3.016233444213867	-0.2963639795780182	0.3586363196372986	0.18082189559936523	1.0	10	0.0	0	0.0	0	0.0	-0.14542628824710846	0.9893690347671509	-0.9998552203178406	-0.016832424327731133	-0.002474179957062006	0.017013292759656906	-0.9892259240150452	-0.14540524780750275
1.0345176458358765	-3.016233444213867	-0.2963639795780182	0.1793181300163269	0.18384063243865967	1.0	10	0.0	0	0.0	0	0.0	-0.14542628824710846	0.9893690347671509	-0.9998552203178406	-0.016832424327731133	-0.002474179957062006	0.017013292759656906	-0.9892259240150452	-0.14540524780750275
1.0	-1.0	-1.0	0.5620625615119934	0.9040796756744385	1.0	0	0.0	0	0.0	0	0.9998535513877869	0.01711735874414444	0.0	-0.0025043096393346786	0.1462809145450592	-0.9892399311065674	-0.016933174803853035	0.9890950322151184	0.14630235731601715
1.0345176458358765	-3.016233444213867	-0.2963639795780182	0.47334951162338257	0.7349514961242676	1.0	10	0.0	0	0.0	0	0.9998535513877869	0.01711735874414444	0.0	-0.0025043098721653223	0.1462809294462204	-0.9892399311065674	-0.016933174803853035	0.9890950322151184	0.14630237221717834
1.0345176458358765	-3.016233444213867	-1.2963639497756958	0.5620625019073486	0.7218725681304932	1.0	10	0.0	0	0.0	0	0.9998535513877869	0.01711735874414444	0.0	-0.002504310104995966	0.1462809443473816	-0.9892399907112122	-0.016933172941207886	0.9890949726104736	0.14630237221717834
-1.0	-1.0	-1.0	0.5620625615119934	0.9040796756744385	1.0	0	0.0	0	0.0	0	-0.9998535513877869	-0.017117328941822052	0.0	0.002504305448383093	-0.1462809294462204	0.9892399311065674	-0.016933145001530647	0.9890950322151184	0.14630237221717834
-0.9654824137687683	-3.016233444213867	-0.2963639795780182	0.6507755517959595	0.7349514961242676	1.0	10	0.0	0	0.0	0	-0.9998535513877869	-0.017117328941822052	0.0	0.002504305448383093	-0.1462809294462204	0.9892399311065674	-0.016933145001530647	0.9890950322151184	0.14630237221717834
-1.0	-1.0	0.0	0.6507755517959595	0.9171586036682129	1.0	0	0.0	0	0.0	0	-0.9998535513877869	-0.017117328941822052	0.0	0.00250430591404438	-0.14628095924854279	0.9892399907112122	-0.016933145001530647	0.9890949726104736	0.14630238711833954
-2.0107007026672363	-0.6559620499610901	1.3793444633483887	0.13259565830230713	0.9188085198402405	1.0	3	0.0	0	0.0	0	-1.0	0.0	0.0	0.0	-1.0	0.0	0.0	0.0	1.0
-2.0107007026672363	-0.8559620380401611	1.1793445348739624	0.1504954695701599	0.9008740782737732	1.0	3	0.0	0	0.0	0	-1.0	0.0	0.0	0.0	-1.0	0.0	0.0	0.0	1.0
-2.0107007026672363	-0.8559620380401611	1.3793444633483887	0.1504954695701599	0.9188085198402405	1.0	3	0.0	0	0.0	0	-1.0	0.0	0.0	0.0	-1.0	0.0	0.0	0.0	1.0
0.9810923337936401	-1.1999999284744263	1.1999999284744263	0.8020721673965454	0.4521660804748535	1.0	3	0.0	0	0.0	0	0.006346224341541529	0.0	-0.9999799132347107	0.0008707459201104939	0.9999996423721313	5.5260597946471535e-06	0.999979555606842	-0.0008707634988240898	0.006346222013235092
2.0164802074432373	-0.8594883680343628	1.2065708637237549	0.8326877355575562	0.5449854135513306	1.0	3	0.0	0	0.0	0	0.006346224341541529	0.0	-0.9999799132347107	0.000870745861902833	0.9999996423721313	5.5260597946471535e-06	0.999979555606842	-0.0008707634406164289	0.006346222013235092
0.9810923337936401	-1.399999976158142	1.1999999284744263	0.7841377258300781	0.45218169689178467	1.0	3	0.0	0	0.0	0	0.006346224341541529	0.0	-0.9999799132347107	0.000870745861902833	0.9999997019767761	5.526059339899803e-06	0.9999794960021973	-0.000870763324201107	0.006346221547573805
2.0164802074432373	-0.659488320350647	1.2065708637237549	0.11469584703445435	0.9188085794448853	1.0	3	0.0	0	0.0	0	1.0	0.0	0.0	0.0	-1.0	0.0	0.0	0.0	-1.0
2.0164802074432373	-0.8594883680343628	1.4065707921981812	0.13259565830230713	0.900874137878418	1.0	3	0.0	0	0.0	0	1.0	0.0	0.0	0.0	-1.0	0.0	0.0	0.0	-1.0
2.0164802074432373	-0.8594883680343628	1.2065708637237549	0.13259565830230713	0.9188085794448853	1.0	3	0.0	0	0.0	0	1.0	0.0	0.0	0.0	-1.0	0.0	0.0	0.0	-1.0
-1.00632905960083	-1.1999999284744263	1.399999976158142	0.735275387763977	0.45487546920776367	1.0	3	0.0	0	0.0	0	-0.020561261102557182	0.0	0.9997886419296265	0.0008773658191785216	0.9999997019767761	1.804356179491151e-05	-0.999788224697113	0.0008775512687861919	-0.020561251789331436
-2.0107007026672363	-0.8559620380401611	1.3793444633483887	0.7660471200942993	0.544969916343689	1.0	3	0.0	0	0.0	0	-0.020561261102557182	0.0	0.9997886419296265	0.0008773657609708607	0.9999996423721313	1.804356179491151e-05	-0.9997881650924683	0.000877551210578531	-0.020561251789331436
-1.00632905960083	-1.399999976158142	1.399999976158142	0.7173409461975098	0.45485973358154297	1.0	3	0.0	0	0.0	0	-0.020561261102557182	0.0	0.9997886419296265	0.0008773656445555389	0.9999995827674866	1.8043559975922108e-05	-0.999788224697113	0.000877551210578531	-0.020561253651976585
2.0164802074432373	-0.8594883680343628	1.2065708637237549	0.9277956485748291	0.5444086790084839	1.0	3	0.0	0	0.0	0	0.4627740979194641	-0.8864762187004089	0.0	0.006991897244006395	0.0036500345449894667	-0.999968945980072	0.8864486813545227	0.46275973320007324	0.007887291721999645
0.9810923337936401	-1.399999976158142	1.399999976158142	0.9098418951034546	0.45458686351776123	1.0	3	0.0	0	0.0	0	0.4627740979194641	-0.8864762187004089	0.0	0.006991895847022533	0.0036500340793281794	-0.9999688863754272	0.8864487409591675	0.46275976300239563	0.007887291721999645
0.9810923337936401	-1.399999976158142	1.1999999284744263	0.9277758598327637	0.454465389251709	1.0	3	0.0	0	0.0	0	0.4627740979194641	-0.8864762187004089	0.0	0.006991896778345108	0.0036500345449894667	-0.9999688863754272	0.8864487409591675	0.46275976300239563	0.00788729265332222
-1.00632905960083	-1.1999999284744263	1.1999999284744263	0.9457297325134277	0.45148181915283203	1.0	3	0.0	0	0.0	0	0.4762853682041168	0.8792908191680908	0.0	0.006571209989488125	-0.003559426637366414	-0.9999721050262451	-0.8792662620544434	0.4762720763683319	-0.00747330766171217
-2.0107007026672363	-0.6559620499610901	1.3793444633483887	0.929018497467041	0.5442944765090942	1.0	3	0.0	0	0.0	0	0.4762853682041168	0.8792908191680908	0.0	0.006571209989488125	-0.003559426637366414	-0.9999720454216003	-0.8792662620544434	0.4762720465660095	-0.00747330766171217
-1.00632905960083	-1.1999999284744263	1.399999976158142	0.9277957677841187	0.45136022567749023	1.0	3	0.0	0	0.0	0	0.4762853682041168	0.8792908191680908	0.0	0.006571209989488125	-0.003559426637366414	-0.9999720454216003	-0.8792662620544434	0.4762720465660095	-0.00747330766171217
-0.012658101506531239	-1.1999999284744263	1.1999999284744263	0.9463320970535278	0.3625519275665283	1.0	3	0.0	0	0.0	0	0.0	1.0	0.0	0.00678621931001544	0.0	-0.9999769926071167	-0.9999769926071167	0.0	-0.00678621931001544
0.9810923337936401	-1.1999999284744263	1.399999976158142	0.9290004968643188	0.2734934091567993	1.0	3	0.0	0	0.0	0	0.0	1.0	0.0	0.00678635248914361	0.0	-0.9999770522117615	-0.9999770522117615	0.0	-0.00678635248914361
0.9810923337936401	-1.1999999284744263	1.1999999284744263	0.9469345808029175	0.27361488342285156	1.0	3	0.0	0	0.0	0	0.0	1.0	0.0	0.006786345038563013	0.0	-0.9999769926071167	-0.9999769926071167	0.0	-0.006786345038563013
-0.012658101506531239	-1.399999976158142	1.1999999284744263	0.9271734952926636	0.3654998540878296	1.0	3	0.0	0	0.0	0	0.0	-1.0	0.0	0.006784174125641584	0.0	-0.9999769926071167	0.9999769926071167	0.0	0.006784174125641584
-1.00632905960083	-1.399999976158142	1.399999976158142	0.9086371660232544	0.2766629457473755	1.0	3	0.0	0	0.0	0	0.0	-1.0	0.0	0.006783922668546438	0.0	-0.9999769926071167	0.9999769926071167	0.0	0.006783922668546438
-1.00632905960083	-1.399999976158142	1.1999999284744263	0.9265711307525635	0.27654147148132324	1.0	3	0.0	0	0.0	0	0.0	-1.0	0.0	0.006783879827708006	0.0	-0.9999769926071167	0.9999769926071167	0.0	0.006783879827708006
0.9810923337936401	-1.1999999284744263	1.399999976158142	0.7354315519332886	0.2766599655151367	1.0	3	0.0	0	0.0	0	0.0	0.0	1.0	0.0008773587760515511	0.9999996423721313	0.0	-0.9999996423721313	0.0008773587760515511	0.0
-0.012658101506531239	-1.399999976158142	1.399999976158142	0.7174190282821655	0.365755558013916	1.0	3	0.0	0	0.0	0	0.0	0.0	1.0	0.0008772549335844815	0.9999996423721313	0.0	-0.9999996423721313	0.0008772549335844815	0.0
0.9810923337936401	-1.399999976158142	1.399999976158142	0.7174971103668213	0.276644229888916	1.0	3	0.0	0	0.0	0	0.0	0.0	1.0	0.0008774011512286961	0.9999997019767761	0.0	-0.9999997019767761	0.0008774011512286961	0.0
-1.00632905960083	-1.1999999284744263	1.1999999284744263	0.8019160032272339	0.273950457572937	1.0	3	0.0	0	0.0	0	0.0	0.0	-1.0	0.0008716131560504436	0.9999997019767761	0.0	0.9999997019767761	-0.0008716131560504436	0.0
-0.012658101506531239	-1.399999976158142	1.1999999284744263	0.7840596437454224	0.36307036876678467	1.0	3	0.0	0	0.0	0	0.0	0.0	-1.0	0.0008770482381805778	0.9999997019767761	0.0	0.9999997019767761	-0.0008770482381805778	0.0
-1.00632905960083	-1.399999976158142	1.1999999284744263	0.7839815616607666	0.27396607398986816	1.0	3	0.0	0	0.0	0	0.0	0.0	-1.0	0.0008707533706910908	0.9999997019767761	0.0	0.9999997019767761	-0.0008707533706910908	0.0
2.0164802074432373	-0.8594883680343628	1.4065707921981812	0.7660471200942993	0.18384051322937012	1.0	3	0.0	0	0.0	0	-0.006346109323203564	0.0	0.9999799132347107	0.0008774943999014795	0.9999997019767761	5.568786491494393e-06	-0.9999794960021973	0.0008775119786150753	-0.00634610652923584
0.9810923337936401	-1.1999999284744263	1.399999976158142	0.7354315519332886	0.2766599655151367	1.0	3	0.0	0	0.0	0	-0.006346109323203564	0.0	0.9999799132347107	0.0008774944581091404	0.9999997019767761	5.568786946241744e-06	-0.9999794960021973	0.0008775120368227363	-0.00634610652923584
0.9810923337936401	-1.399999976158142	1.399999976158142	0.7174971103668213	0.276644229888916	1.0	3	0.0	0	0.0	0	-0.006346109323203564	0.0	0.9999799132347107	0.0008774943999014795	0.9999997019767761	5.568786491494393e-06	-0.9999794960021973	0.0008775119786150753	-0.00634610652923584
2.0164802074432373	-0.659488320350647	1.2065708637237549	0.9469525814056396	0.18396210670471191	1.0	3	0.0	0	0.0	0	-0.4627740979194641	0.8864762187004089	0.0	0.007021418772637844	0.0036654460709542036	-0.9999686479568481	-0.8864484429359436	-0.4627595841884613	-0.007920593954622746
0.9810923337936401	-1.1999999284744263	1.399999976158142	0.9290004968643188	0.2734934091567993	1.0	3	0.0	0	0.0	0	-0.4627740979194641	0.8864762187004089	0.0	0.007021419238299131	0.0036654463037848473	-0.9999686479568481	-0.8864484429359436	-0.4627595841884613	-0.00792059488594532
2.0164802074432373	-0.659488320350647	1.4065707921981812	0.9290186166763306	0.18384051322937012	1.0	3	0.0	0	0.0	0	-0.4627740979194641	0.8864762187004089	0.0	0.007021419238299131	0.0036654463037848473	-0.9999686479568481	-0.8864484429359436	-0.4627595841884613	-0.00792059488594532
0.9810923337936401	-1.399999976158142	1.1999999284744263	0.9277758598327637	0.454465389251709	1.0	3	0.0	0	0.0	0	0.0	-1.0	0.0	0.006784212309867144	0.0	-0.9999770522117615	0.9999770522117615	0.0	0.006784212309867144
-0.012658101506531239	-1.399999976158142	1.399999976158142	0.9092395305633545	0.36562132835388184	1.0	3	0.0	0	0.0	0	0.0	-1.0	0.0	0.006784197874367237	0.0	-0.9999769926071167	0.9999769926071167	0.0	0.006784197874367237
-0.012658101506531239	-1.1999999284744263	1.1999999284744263	0.8019940853118896	0.36305463314056396	1.0	3	0.0	0	0.0	0	0.0	0.0	-1.0	0.0008770605199970305	0.9999997019767761	0.0	0.9999997019767761	-0.0008770605199970305	0.0
0.9810923337936401	-1.399999976158142	1.1999999284744263	0.7841377258300781	0.45218169689178467	1.0	3	0.0	0	0.0	0	0.0	0.0	-1.0	0.0008716295706108212	0.9999997019767761	0.0	0.9999997019767761	-0.0008716295706108212	0.0
-2.0107007026672363	-0.8559620380401611	1.1793445348739624	0.8326877355575562	0.18385624885559082	1.0	3	0.0	0	0.0	0	0.020561140030622482	0.0	-0.9997885823249817	0.0008706518565304577	0.9999996423721313	1.7905380445881747e-05	0.999788224697113	-0.000870835967361927	0.020561132580041885
-1.00632905960083	-1.1999999284744263	1.1999999284744263	0.8019160032272339	0.273950457572937	1.0	3	0.0	0	0.0	0	0.020561140030622482	0.0	-0.9997885823249817	0.0008706519147381186	0.9999996423721313	1.7905380445881747e-05	0.999788224697113	-0.000870836025569588	0.020561132580041885
-1.00632905960083	-1.399999976158142	1.1999999284744263	0.7839815616607666	0.27396607398986816	1.0	3	0.0	0	0.0	0	0.020561140030622482	0.0	-0.9997885823249817	0.0008706517401151359	0.9999995827674866	1.7905378626892343e-05	0.9997881650924683	-0.0008708358509466052	0.020561132580041885
-1.00632905960083	-1.399999976158142	1.1999999284744263	0.9265711307525635	0.27654147148132324	1.0	3	0.0	0	0.0	0	-0.4762853980064392	-0.879290759563446	0.0	0.00658121844753623	-0.003564848331734538	-0.9999720454216003	0.8792662024497986	-0.4762720763683319	0.007484689354896545
-2.0107007026672363	-0.8559620380401611	1.3793444633483887	0.90986168384552	0.18396210670471191	1.0	3	0.0	0	0.0	0	-0.4762853980064392	-0.879290759563446	0.0	0.006581217050552368	-0.003564847633242607	-0.9999719858169556	0.8792661428451538	-0.4762720465660095	0.007484688423573971
-2.0107007026672363	-0.8559620380401611	1.1793445348739624	0.9277956485748291	0.18384063243865967	1.0	3	0.0	0	0.0	0	-0.4762853980064392	-0.879290759563446	0.0	0.006581217981874943	-0.0035648480989038944	-0.9999720454216003	0.8792662024497986	-0.4762720763683319	0.007484689354896545
-1.00632905960083	-1.1999999284744263	1.1999999284744263	0.9457297325134277	0.45148181915283203	1.0	3	0.0	0	0.0	0	0.0	1.0	0.0	0.006792175117880106	0.0	-0.9999768733978271	-0.9999768733978271	0.0	-0.006792175117880106
-0.012658101506531239	-1.1999999284744263	1.399999976158142	0.9283981323242188	0.3624304533004761	1.0	3	0.0	0	0.0	0	0.0	1.0	0.0	0.006786665413528681	0.0	-0.9999770522117615	-0.9999770522117615	0.0	-0.006786665413528681
-0.012658101506531239	-1.1999999284744263	1.399999976158142	0.7353534698486328	0.3657712936401367	1.0	3	0.0	0	0.0	0	0.0	0.0	1.0	0.0008772172150202096	0.9999997019767761	0.0	-0.9999997019767761	0.0008772172150202096	0.0
-1.00632905960083	-1.399999976158142	1.399999976158142	0.7173409461975098	0.45485973358154297	1.0	3	0.0	0	0.0	0	0.0	0.0	1.0	0.0008771702414378524	0.9999997019767761	0.0	-0.9999997019767761	0.0008771702414378524	0.0
-2.0	-0.6800000667572021	1.3199999332427979	0.5379718542098999	0.1829308271408081	1.0	3	0.0	0	0.0	0	-1.0	0.0	0.0	0.0	-1.0	0.0	0.0	0.0	1.0
-2.0	-0.7200000286102295	1.2799999713897705	0.5415518283843994	0.17934393882751465	1.0	3	0.0	0	0.0	0	-1.0	0.0	0.0	0.0	-1.0	0.0	0.0	0.0	1.0
-2.0	-0.7200000286102295	1.3199999332427979	0.5415518283843994	0.1829308271408081	1.0	3	0.0	0	0.0	0	-1.0	0.0	0.0	0.0	-1.0	0.0	0.0	0.0	1.0
-2.0	-0.6800000667572021	1.2799999713897705	0.9899832010269165	0.0	1.0	3	0.0	0	0.0	0	0.0	0.0	-1.0	0.0	1.0	0.0	1.0	0.0	0.0
2.0	-0.7200000286102295	1.2799999713897705	0.986396312713623	0.35868728160858154	1.0	3	0.0	0	0.0	0	0.0	0.0	-1.0	0.0	1.0	0.0	1.0	0.0	0.0
-2.0	-0.7200000286102295	1.2799999713897705	0.986396312713623	0.0	1.0	3	0.0	0	0.0	0	0.0	0.0	-1.0	0.0	1.0	0.0	1.0	0.0	0.0
2.0	-0.6800000667572021	1.2799999713897705	0.5415518283843994	0.1829308271408081	1.0	3	0.0	0	0.0	0	1.0	0.0	0.0	0.0	-1.0	0.0	0.0	0.0	-1.0
2.0	-0.7200000286102295	1.3199999332427979	0.5451318025588989	0.17934393882751465	1.0	3	0.0	0	0.0	0	1.0	0.0	0.0	0.0	-1.0	0.0	0.0	0.0	-1.0
2.0	-0.7200000286102295	1.2799999713897705	0.5451318025588989	0.1829308271408081	1.0	3	0.0	0	0.0	0	1.0	0.0	0.0	0.0	-1.0	0.0	0.0	0.0	-1.0
2.0	-0.6800000667572021	1.3199999332427979	0.99357008934021	0.0	1.0	3	0.0	0	0.0	0	0.0	0.0	1.0	0.0	1.0	0.0	-1.0	0.0	0.0
-2.0	-0.7200000286102295	1.3199999332427979	0.9899832010269165	0.358687162399292	1.0	3	0.0	0	0.0	0	0.0	0.0	1.0	0.0	1.0	0.0	-1.0	0.0	0.0
2.0	-0.7200000286102295	1.3199999332427979	0.9899832010269165	0.0	1.0	3	0.0	0	0.0	0	0.0	0.0	1.0	0.0	1.0	0.0	-1.0	0.0	0.0
2.0	-0.7200000286102295	1.2799999713897705	0.9935700297355652	0.0	1.0	3	0.0	0	0.0	0	0.0	-1.0	0.0	0.0	0.0	1.0	-1.0	0.0	0.0
-2.0	-0.7200000286102295	1.3199999332427979	0.9971569180488586	0.3581082820892334	1.0	3	0.0	0	0.0	0	0.0	-1.0	0.0	0.0	0.0	1.0	-1.0	0.0	0.0
-2.0	-0.7200000286102295	1.2799999713897705	0.9935700297355652	0.3581082820892334	1.0	3	0.0	0	0.0	0	0.0	-1.0	0.0	0.0	0.0	1.0	-1.0	0.0	0.0
-2.0	-0.6800000667572021	1.2799999713897705	1.0	0.9029791355133057	1.0	3	0.0	0	0.0	0	0.0	1.0	0.0	0.0	0.0	-1.0	-1.0	0.0	0.0
2.0	-0.6800000667572021	1.3199999332427979	0.9964131116867065	0.5449857711791992	1.0	3	0.0	0	0.0	0	0.0	1.0	0.0	0.0	0.0	-1.0	-1.0	0.0	0.0
2.0	-0.6800000667572021	1.2799999713897705	1.0	0.5449857711791992	1.0	3	0.0	0	0.0	0	0.0	1.0	0.0	0.0	0.0	-1.0	-1.0	0.0	0.0
-1.0	2.680000066757202	1.0	0.9527416229248047	0.9036731123924255	0	0	0	0	0	0	-1.0	0.0	0.0	0.0	-1.0	-1.4529558711728896e-06	0.0	-1.4529558711728896e-06	1.0
-1.0	2.2799999713897705	-1.0	0.9885411262512207	0.7243292331695557	0	0	0	0	0	0	-1.0	0.0	0.0	0.0	-1.0	-2.0878505324617436e-07	0.0	-2.0878505324617436e-07	1.0
-1.0	2.2799999713897705	1.0	0.9885411262512207	0.9036731719970703	0	0	0	0	0	0	-1.0	0.0	0.0	0.0	-1.0	-1.6617409528407734e-06	0.0	-1.6617409528407734e-06	1.0
-1.0	2.680000066757202	-1.0	0.9577739238739014	0.0	0	0	0	0	0	0	0.0	0.0	-1.0	0.0	1.0	0.0	1.0	0.0	0.0
1.0	2.2799999713897705	-1.0	0.9219050407409668	0.17934364080429077	0	0	0	0	0	0	0.0	0.0	-1.0	0.0	1.0	0.0	1.0	0.0	0.0
-1.0	2.2799999713897705	-1.0	0.9219050407409668	0.0	0	0	0	0	0	0	0.0	0.0	-1.0	0.0	1.0	0.0	1.0	0.0	0.0
1.0	2.680000066757202	-1.0	0.9469525814056396	0.5425280928611755	0	0	0	0	0	0	1.0	0.0	0.0	0.0	-1.0	1.4529558711728896e-06	0.0	-1.4529558711728896e-06	-1.0
1.0	2.2799999713897705	1.0	0.9827520847320557	0.36318421363830566	0	0	0	0	0	0	1.0	0.0	0.0	0.0	-1.0	2.0878505324617436e-07	0.0	-2.0878505324617436e-07	-1.0
1.0	2.2799999713897705	-1.0	0.9827520847320557	0.5425281524658203	0	0	0	0	0	0	1.0	0.0	0.0	0.0	-1.0	1.6617409528407734e-06	0.0	-1.6617409528407734e-06	-1.0
1.0	2.680000066757202	1.0	0.9828214645385742	0.18384063243865967	0	0	0	0	0	0	0.0	0.0	1.0	0.0	1.0	0.0	-1.0	0.0	0.0
-1.0	2.2799999713897705	1.0	0.9469525814056396	0.36318421363830566	0	0	0	0	0	0	0.0	0.0	1.0	0.0	1.0	0.0	-1.0	0.0	0.0
1.0	2.2799999713897705	1.0	0.9469525814056396	0.18384063243865967	0	0	0	0	0	0	0.0	0.0	1.0	0.0	1.0	0.0	-1.0	0.0	0.0
1.0	2.2799999713897705	-1.0	0.1790541410446167	0.18384432792663574	0	0	0	0	0	0	0.0	-1.0	0.0	1.0	0.0	0.0	0.0	0.0	1.0
-1.0	2.2799999713897705	1.0	0.0	0.3631882667541504	0	0	0	0	0	0	0.0	-1.0	0.0	1.0	0.0	0.0	0.0	0.0	1.0
-1.0	2.2799999713897705	-1.0	0.0	0.18384432792663574	0	0	0	0	0	0	0.0	-1.0	0.0	1.0	0.0	0.0	0.0	0.0	1.0
-1.0	2.680000066757202	-1.0	0.0	0.7218761444091797	0	0	0	0	0	0	0.0	1.0	0.0	1.0	0.0	0.0	0.0	0.0	-1.0
1.0	2.680000066757202	1.0	0.17899668216705322	0.542532205581665	0	0	0	0	0	0	0.0	1.0	0.0	1.0	0.0	0.0	0.0	0.0	-1.0
1.0	2.680000066757202	-1.0	0.17899668216705322	0.7218761444091797	0	0	0	0	0	0	0.0	1.0	0.0	1.0	0.0	0.0	0.0	0.0	-1.0
-1.458653450012207	1.513102650642395	0.6243577003479004	0.9577736854553223	0.10411405563354492	0	0	0	0	0	0	-0.939692497253418	0.34202057123184204	7.761024107821868e-07	-0.12583352625370026	-0.3457221984863281	-0.929861307144165	-0.3180314302444458	-0.8737838268280029	0.3679102063179016
-1.091697335243225	2.521306276321411	0.06358271837234497	0.9720486402511597	0.0	0	0	0	0	0	0	-0.939692497253418	0.34202057123184204	7.761024107821868e-07	-0.12583352625370026	-0.3457221984863281	-0.9298613667488098	-0.3180314302444458	-0.8737837672233582	0.3679101765155792
-1.477370023727417	1.4616796970367432	0.47400689125061035	0.9720486402511597	0.10373091697692871	0	0	0	0	0	0	-0.939692497253418	0.34202057123184204	7.761024107821868e-07	-0.12583352625370026	-0.3457221984863281	-0.929861307144165	-0.3180314302444458	-0.8737838268280029	0.3679102063179016
-1.091697335243225	2.521306276321411	0.06358271837234497	0.9820656776428223	0.5449857711791992	0	0	0	0	0	0	-0.11697786301374435	-0.32139378786087036	-0.9396926164627075	0.9399112462997437	-0.3414187431335449	-0.00023298931773751974	-0.320753812789917	-0.8832550048828125	0.3420201241970062
-1.327019214630127	1.406956434249878	0.47400689125061035	0.9964131116867065	0.6460931301116943	0	0	0	0	0	0	-0.11697786301374435	-0.32139378786087036	-0.9396926164627075	0.9399112462997437	-0.3414187431335449	-0.00023298931773751974	-0.320753812789917	-0.8832550048828125	0.3420201241970062
-1.477370023727417	1.4616796970367432	0.47400689125061035	0.9820656776428223	0.6460839509963989	0	0	0	0	0	0	-0.11697786301374435	-0.32139378786087036	-0.9396926164627075	0.9399112462997437	-0.34141871333122253	-0.00023299633176065981	-0.3207537829875946	-0.8832550048828125	0.34202009439468384
-0.9413465857505798	2.466583251953125	0.06358271837234497	0.953443169593811	0.5449857711791992	0	0	0	0	0	0	0.9396926164627075	-0.34202009439468384	7.761019560348359e-08	0.1258326917886734	0.3457227349281311	0.9298611879348755	-0.3180312514305115	-0.8737837076187134	0.3679104149341583
-1.3083027601242065	1.4583795070648193	0.6243577003479004	0.9677181839942932	0.6490998268127441	0	0	0	0	0	0	0.9396926164627075	-0.34202009439468384	7.761019560348359e-08	0.1258326917886734	0.3457227349281311	0.929861307144165	-0.31803128123283386	-0.8737838268280029	0.36791038513183594
-1.327019214630127	1.406956434249878	0.47400689125061035	0.953443169593811	0.6487166881561279	0	0	0	0	0	0	0.9396926164627075	-0.34202009439468384	7.761019560348359e-08	0.1258327066898346	0.3457227647304535	0.929861307144165	-0.31803128123283386	-0.8737838268280029	0.3679104149341583
-1.3083027601242065	1.4583795070648193	0.6243577003479004	0.997099757194519	0.3631841540336609	0	0	0	0	0	0	0.11697779595851898	0.32139381766319275	0.9396926164627075	0.939925491809845	-0.3413795530796051	-0.0002481005503796041	0.3207120895385742	0.8832700848579407	-0.34202006459236145
-1.0729808807373047	2.5727293491363525	0.213933527469635	0.9827523231506348	0.4642907381057739	0	0	0	0	0	0	0.11697779595851898	0.32139381766319275	0.9396926164627075	0.939925491809845	-0.3413795530796051	-0.0002481075644027442	0.3207120895385742	0.8832700848579407	-0.34202006459236145
-1.458653450012207	1.513102650642395	0.6243577003479004	0.9827523231506348	0.36319392919540405	0	0	0	0	0	0	0.11697779595851898	0.32139381766319275	0.9396926164627075	0.9399255514144897	-0.3413795530796051	-0.0002481075644027442	0.32071205973625183	0.8832700252532959	-0.34202006459236145
-1.477370023727417	1.4616796970367432	0.47400689125061035	0.1774599552154541	0.9008740186691284	0	0	0	0	0	0	-0.32139360904693604	-0.8830223083496094	0.3420201241970062	-0.02019105665385723	-0.35471004247665405	-0.9347583651542664	0.946730375289917	-0.30733105540275574	0.09617237746715546
-1.3083027601242065	1.4583795070648193	0.6243577003479004	0.16397768259048462	0.9160269498825073	0	0	0	0	0	0	-0.32139360904693604	-0.8830223083496094	0.3420201241970062	-0.020191067829728127	-0.35471007227897644	-0.9347583651542664	0.946730375289917	-0.3073310852050781	0.09617237001657486
-1.458653450012207	1.513102650642395	0.6243577003479004	0.16397768259048462	0.9022876024246216	0	0	0	0	0	0	-0.32139360904693604	-0.8830223083496094	0.3420201241970062	-0.02019105851650238	-0.35471004247665405	-0.9347583651542664	0.946730375289917	-0.30733105540275574	0.09617237001657486
-0.9413465857505798	2.466583251953125	0.06358271837234497	0.6777401566505432	0.9022588133811951	0	0	0	0	0	0	0.3213942348957062	0.8830224871635437	-0.34201931953430176	-0.022064711898565292	-0.3541002869606018	-0.93494713306427	-0.9466884732246399	0.30803316831588745	-0.09432215988636017
-1.0729808807373047	2.5727293491363525	0.213933527469635	0.6642578840255737	0.9146317839622498	0	0	0	0	0	0	0.3213942348957062	0.8830224871635437	-0.34201931953430176	-0.022064704447984695	-0.3541002869606018	-0.9349471926689148	-0.9466884136199951	0.30803313851356506	-0.09432215988636017
-0.9226301312446594	2.5180060863494873	0.213933527469635	0.6642578840255737	0.9008705019950867	0	0	0	0	0	0	0.3213942348957062	0.8830224871635437	-0.34201931953430176	-0.02206471376121044	-0.3541002869606018	-0.93494713306427	-0.9466884732246399	0.30803316831588745	-0.09432215988636017
-1.091697335243225	2.521306276321411	-0.06473785638809204	0.3321516513824463	0.8286755084991455	0	0	0	0	0	0	-0.939692497253418	0.34202051162719727	-7.761021834085113e-07	0.12583351135253906	0.3457221984863281	-0.929861307144165	-0.318031370639801	-0.8737838268280029	-0.3679102063179016
-1.458653450012207	1.513102650642395	-0.6255128383636475	0.34642666578292847	0.9327895641326904	0	0	0	0	0	0	-0.939692497253418	0.34202051162719727	-7.761021834085113e-07	0.12583352625370026	0.3457222282886505	-0.929861307144165	-0.318031370639801	-0.8737838268280029	-0.367910236120224
-1.477370023727417	1.4616796970367432	-0.4751620292663574	0.3321516513824463	0.9324064254760742	0	0	0	0	0	0	-0.939692497253418	0.34202051162719727	-7.761021834085113e-07	0.12583351135253906	0.3457221984863281	-0.929861307144165	-0.318031370639801	-0.8737838268280029	-0.3679102063179016
-1.0729808807373047	2.5727293491363525	-0.21508866548538208	0.9863963723182678	0.10113561153411865	0	0	0	0	0	0	0.11697772145271301	0.32139381766319275	-0.9396926164627075	-0.9394766092300415	0.34261319041252136	0.00022978355991654098	0.322024941444397	0.8827923536300659	0.34202006459236145
-1.3083027601242065	1.4583795070648193	-0.6255128383636475	0.972048819065094	9.059906005859375e-06	0	0	0	0	0	0	0.11697772145271301	0.32139381766319275	-0.9396926164627075	-0.9394765496253967	0.34261319041252136	0.00022979057393968105	0.322024941444397	0.8827922940254211	0.34202006459236145
-1.458653450012207	1.513102650642395	-0.6255128383636475	0.9863963723182678	0.0	0	0	0	0	0	0	0.11697772145271301	0.32139381766319275	-0.9396926164627075	-0.9394766092300415	0.34261322021484375	0.00022979057393968105	0.32202497124671936	0.8827923536300659	0.34202006459236145
-0.9226301312446594	2.5180060863494873	-0.21508866548538208	0.34642666578292847	0.8282924294471741	0	0	0	0	0	0	0.9396926164627075	-0.3420201539993286	-1.0671404027107201e-07	0.12583282589912415	0.34572312235832214	-0.9298610091209412	0.3180312514305115	0.873783528804779	0.36791083216667175
-1.327019214630127	1.406956434249878	-0.4751620292663574	0.3321516513824463	0.7249446511268616	0	0	0	0	0	0	0.9396926164627075	-0.3420201539993286	-1.0671404027107201e-07	0.12583284080028534	0.34572315216064453	-0.9298610687255859	0.3180312514305115	0.8737835884094238	0.36791086196899414
-1.3083027601242065	1.4583795070648193	-0.6255128383636475	0.34642666578292847	0.7245615124702454	0	0	0	0	0	0	0.9396926164627075	-0.3420201539993286	-1.0671404027107201e-07	0.12583282589912415	0.34572315216064453	-0.9298610091209412	0.3180312514305115	0.873783528804779	0.36791083216667175
-1.327019214630127	1.406956434249878	-0.4751620292663574	0.9677181839942932	0.6461226940155029	0	0	0	0	0	0	-0.1169779896736145	-0.3213937282562256	0.9396926164627075	-0.9394593834877014	0.34266045689582825	0.0002478062524460256	-0.32207509875297546	-0.8827739953994751	-0.34202006459236145
-1.091697335243225	2.521306276321411	-0.06473785638809204	0.9820656180381775	0.5449955463409424	0	0	0	0	0	0	-0.1169779896736145	-0.3213937282562256	0.9396926164627075	-0.9394593238830566	0.34266045689582825	0.00024779923842288554	-0.32207512855529785	-0.8827739953994751	-0.34202006459236145
-1.477370023727417	1.4616796970367432	-0.4751620292663574	0.9820656180381775	0.6461324691772461	0	0	0	0	0	0	-0.1169779896736145	-0.3213937282562256	0.9396926164627075	-0.9394593238830566	0.34266042709350586	0.00024779222439974546	-0.32207509875297546	-0.8827739953994751	-0.34202006459236145
-1.458653450012207	1.513102650642395	-0.6255128383636475	0.1504954695701599	0.9146134257316589	0	0	0	0	0	0	-0.32139402627944946	-0.8830221891403198	-0.3420201241970062	-0.02019098959863186	-0.3547101318836212	0.9347583055496216	-0.9467303156852722	0.30733147263526917	0.09617263078689575
-1.327019214630127	1.406956434249878	-0.4751620292663574	0.1639777421951294	0.9022876620292664	0	0	0	0	0	0	-0.32139402627944946	-0.8830221891403198	-0.3420201241970062	-0.020190991461277008	-0.3547101616859436	0.9347583651542664	-0.9467302560806274	0.3073314428329468	0.09617263078689575
