4654	1592	11
-1.0	1.0	-1.0	0.23377393186092377	0.396931529045105	1.0	0	0.0	0	0.0	0	0.0	0.0	-1.0	0.0	-1.0	0.0	-1.0	0.0	0.0
1.0	2.2815322875976562	-1.0	0.1424759179353714	0.2547866106033325	1.0	0	0.0	0	0.0	0	0.0	0.0	-1.0	0.0	-1.0	0.0	-1.0	0.0	0.0
1.0	1.0	-1.0	0.23377393186092377	0.2547866106033325	1.0	0	0.0	0	0.0	0	0.0	0.0	-1.0	0.0	-1.0	0.0	-1.0	0.0	0.0
1.0	1.0	1.0	0.5233242511749268	0.575782060623169	1.0	0	0.0	0	0.0	0	0.0	0.0	1.0	0.0	-1.0	0.0	1.0	0.0	0.0
-1.0	-1.0	1.0	0.6658068895339966	0.4336371421813965	1.0	0	0.0	0	0.0	0	0.0	0.0	1.0	0.0	-1.0	0.0	1.0	0.0	0.0
1.0	-1.0	1.0	0.6658068895339966	0.575782060623169	1.0	0	0.0	0	0.0	0	0.0	0.0	1.0	0.0	-1.0	0.0	1.0	0.0	0.0
-1.0	1.0	-1.0	0.2383589744567871	0.5779557228088379	1.0	0	0.0	0	0.0	0	-1.0	0.0	0.0	0.0	-1.0	0.0	0.0	0.0	1.0
-1.0	-1.0	-1.0	0.380841463804245	0.5779557228088379	1.0	0	0.0	0	0.0	0	-1.0	0.0	0.0	0.0	-1.0	0.0	0.0	0.0	1.0
-1.0	-1.0	0.0	0.380841463804245	0.6490281820297241	1.0	0	0.0	0	0.0	0	-1.0	0.0	0.0	0.0	-1.0	0.0	0.0	0.0	1.0
1.0	-1.0	1.0	0.736272394657135	0.8610472679138184	1.0	0	0.0	0	0.0	0	0.9999523758888245	-0.009765124879777431	0.0	-0.0014373756712302566	-0.14718779921531677	-0.9891075491905212	0.009658757597208023	0.9890603423118591	-0.14719481766223907
0.9803626537322998	-3.010871410369873	0.2992251217365265	0.8067378401756287	0.7270190715789795	1.0	8	0.0	0	0.0	0	0.9999523758888245	-0.009765124879777431	0.0	-0.0014373756712302566	-0.14718779921531677	-0.9891075491905212	0.009658757597208023	0.9890603423118591	-0.14719481766223907
1.0	-1.0	0.0	0.8067378401756287	0.8715081214904785	1.0	0	0.0	0	0.0	0	0.9999523758888245	-0.009765124879777431	0.0	-0.0014373756712302566	-0.14718779921531677	-0.989107608795166	0.009658758528530598	0.9890604019165039	-0.14719481766223907
1.0	1.0	1.0	0.5233242511749268	0.575782060623169	1.0	0	0.0	0	0.0	0	1.0	0.0	0.0	0.0	-1.0	0.0	0.0	0.0	-1.0
1.0	-1.0	1.0	0.665806770324707	0.575782060623169	1.0	0	0.0	0	0.0	0	1.0	0.0	0.0	0.0	-1.0	0.0	0.0	0.0	-1.0
1.0	-1.0	0.0	0.665806770324707	0.6468545198440552	1.0	0	0.0	0	0.0	0	1.0	0.0	0.0	0.0	-1.0	0.0	0.0	0.0	-1.0
-1.0	1.0	-1.0	0.6657928228378296	0.14214497804641724	1.0	0	0.0	0	0.0	0	0.0	0.0	-1.0	-1.0	-2.0966153613244387e-07	0.0	-2.0966153613244387e-07	1.0	0.0
1.0	-1.0	-1.0	0.5233102440834045	0.0	1.0	0	0.0	0	0.0	0	0.0	0.0	-1.0	-1.0	-2.0966153613244387e-07	0.0	-2.0966153613244387e-07	1.0	0.0
-1.0	-1.0	-1.0	0.6657928228378296	0.0	1.0	0	0.0	0	0.0	0	0.0	0.0	-1.0	-1.0	0.0	0.0	0.0	1.0	0.0
-1.0	2.2815322875976562	-1.0	0.523324191570282	0.4336371421813965	1.0	0	0.0	0	0.0	0	0.0	1.0	0.0	-1.0	0.0	0.0	0.0	0.0	1.0
1.0	2.2815322875976562	1.0	0.38084158301353455	0.575782060623169	1.0	0	0.0	0	0.0	0	0.0	1.0	0.0	-1.0	0.0	0.0	0.0	0.0	1.0
1.0	2.2815322875976562	-1.0	0.38084158301353455	0.4336371421813965	1.0	0	0.0	0	0.0	0	0.0	1.0	0.0	-1.0	0.0	0.0	0.0	0.0	1.0
1.0	1.0	1.0	0.2337806224822998	0.5412514209747314	1.0	0	0.0	0	0.0	0	0.0	0.0	1.0	0.0	-1.0	0.0	1.0	0.0	0.0
-1.0	2.2815322875976562	1.0	0.14248260855674744	0.399106502532959	1.0	0	0.0	0	0.0	0	0.0	0.0	1.0	0.0	-1.0	0.0	1.0	0.0	0.0
-1.0	1.0	1.0	0.2337806224822998	0.399106502532959	1.0	0	0.0	0	0.0	0	0.0	0.0	1.0	0.0	-1.0	0.0	1.0	0.0	0.0
-1.0	1.0	1.0	0.2337806224822998	0.6833963394165039	1.0	0	0.0	0	0.0	0	-1.0	0.0	0.0	0.0	-1.0	0.0	0.0	0.0	1.0
-1.0	2.2815322875976562	-1.0	0.14248260855674744	0.5412514209747314	1.0	0	0.0	0	0.0	0	-1.0	0.0	0.0	0.0	-1.0	0.0	0.0	0.0	1.0
-1.0	1.0	-1.0	0.2337806224822998	0.5412514209747314	1.0	0	0.0	0	0.0	0	-1.0	0.0	0.0	0.0	-1.0	0.0	0.0	0.0	1.0
1.0	1.0	-1.0	0.09129800647497177	0.8255412578582764	1.0	0	0.0	0	0.0	0	1.0	0.0	0.0	0.0	-1.0	0.0	0.0	0.0	-1.0
1.0	2.2815322875976562	1.0	0.0	0.6833963394165039	1.0	0	0.0	0	0.0	0	1.0	0.0	0.0	0.0	-1.0	0.0	0.0	0.0	-1.0
1.0	1.0	1.0	0.09129800647497177	0.6833963394165039	1.0	0	0.0	0	0.0	0	1.0	0.0	0.0	0.0	-1.0	0.0	0.0	0.0	-1.0
-1.0	0.9999999403953552	1.0	0.14248260855674744	0.5412514209747314	1.0	0	0.0	0	0.0	0	0.0	0.0	-1.0	-2.9802322387695312e-08	1.0	0.0	1.0	2.9802322387695312e-08	0.0
1.0	-0.9999999403953552	1.0	0.0	0.6833963394165039	1.0	0	0.0	0	0.0	0	0.0	0.0	-1.0	-2.9802322387695312e-08	1.0	0.0	1.0	2.9802322387695312e-08	0.0
-0.9999999403953552	-1.0	1.0	0.0	0.5412514209747314	1.0	0	0.0	0	0.0	0	0.0	0.0	-1.0	-2.9802322387695312e-08	1.0	0.0	1.0	2.9802322387695312e-08	0.0
-0.9999999403953552	-1.0	-1.6469693183898926	0.8536802530288696	0.0	1.0	0	0.0	0	0.0	0	2.9802322387695312e-08	-1.0	0.0	0.0	0.0	-1.0	1.0	2.9802322387695312e-08	0.0
1.0	-0.9999999403953552	-1.0	0.8075894117355347	0.14214491844177246	1.0	0	0.0	0	0.0	0	2.9802322387695312e-08	-1.0	0.0	0.0	0.0	-1.0	1.0	2.9802322387695312e-08	0.0
-0.9999999403953552	-1.0	-1.0	0.8075894117355347	0.0	1.0	0	0.0	0	0.0	0	2.9802322387695312e-08	-1.0	0.0	0.0	0.0	-1.0	1.0	2.9802322387695312e-08	0.0
1.0	-0.9999999403953552	-1.6469693183898926	0.8536944389343262	0.43363702297210693	1.0	0	0.0	0	0.0	0	1.0	2.9802322387695312e-08	0.0	0.0	0.0	-1.0	-2.9802322387695312e-08	1.0	0.0
0.9999999403953552	1.0	-1.0	0.8076034784317017	0.5757818222045898	1.0	0	0.0	0	0.0	0	1.0	2.9802322387695312e-08	0.0	0.0	0.0	-1.0	-2.9802322387695312e-08	1.0	0.0
1.0	-0.9999999403953552	-1.0	0.8076034784317017	0.43363702297210693	1.0	0	0.0	0	0.0	0	1.0	2.9802322387695312e-08	0.0	0.0	0.0	-1.0	-2.9802322387695312e-08	1.0	0.0
0.9999999403953552	1.0	-1.6469693183898926	0.8536802530288696	0.14214497804641724	1.0	0	0.0	0	0.0	0	-2.9802322387695312e-08	1.0	0.0	0.0	0.0	-1.0	-1.0	-2.9802322387695312e-08	0.0
-1.0	0.9999999403953552	-1.0	0.8075894117355347	0.2842898964881897	1.0	0	0.0	0	0.0	0	-2.9802322387695312e-08	1.0	0.0	0.0	0.0	-1.0	-1.0	-2.9802322387695312e-08	0.0
0.9999999403953552	1.0	-1.0	0.8075894117355347	0.14214497804641724	1.0	0	0.0	0	0.0	0	-2.9802322387695312e-08	1.0	0.0	0.0	0.0	-1.0	-1.0	-2.9802322387695312e-08	0.0
-1.0	0.9999999403953552	-1.6469693183898926	0.8076035380363464	0.43363696336746216	1.0	0	0.0	0	0.0	0	-1.0	-2.9802322387695312e-08	0.0	0.0	0.0	1.0	-2.9802322387695312e-08	1.0	0.0
-0.9999999403953552	-1.0	-1.0	0.8536945581436157	0.29149216413497925	1.0	0	0.0	0	0.0	0	-1.0	-2.9802322387695312e-08	0.0	0.0	0.0	1.0	-2.9802322387695312e-08	1.0	0.0
-1.0	0.9999999403953552	-1.0	0.8536945581436157	0.43363696336746216	1.0	0	0.0	0	0.0	0	-1.0	-2.9802322387695312e-08	0.0	0.0	0.0	1.0	-2.9802322387695312e-08	1.0	0.0
0.9999999403953552	1.0	-1.0	0.5233243107795715	0.4336371421813965	1.0	0	0.0	0	0.0	0	0.0	0.0	1.0	2.9802322387695312e-08	-1.0	0.0	1.0	2.9802322387695312e-08	0.0
-0.9999999403953552	-1.0	-1.0	0.6658069491386414	0.291492223739624	1.0	0	0.0	0	0.0	0	0.0	0.0	1.0	2.9802322387695312e-08	-1.0	0.0	1.0	2.9802322387695312e-08	0.0
1.0	-0.9999999403953552	-1.0	0.6658069491386414	0.4336371421813965	1.0	0	0.0	0	0.0	0	0.0	0.0	1.0	2.9802322387695312e-08	-1.0	0.0	1.0	2.9802322387695312e-08	0.0
1.0	-0.9999999403953552	-1.6469693183898926	0.3808417022228241	0.7179269790649414	1.0	0	0.0	0	0.0	0	0.0	0.0	-1.0	-2.9802322387695312e-08	1.0	0.0	1.0	2.9802322387695312e-08	0.0
-1.0	0.9999999403953552	-1.6469693183898926	0.5233243107795715	0.575782060623169	1.0	0	0.0	0	0.0	0	0.0	0.0	-1.0	-2.9802322387695312e-08	1.0	0.0	1.0	2.9802322387695312e-08	0.0
0.9999999403953552	1.0	-1.6469693183898926	0.5233243107795715	0.7179269790649414	1.0	0	0.0	0	0.0	0	0.0	0.0	-1.0	-2.9802322387695312e-08	1.0	0.0	1.0	2.9802322387695312e-08	0.0
1.0	-1.0	-1.0	0.2383657842874527	0.14331340789794922	1.0	0	0.0	0	0.0	0	0.0	0.14542627334594727	-0.9893690347671509	-0.9998502731323242	-0.017119137570261955	-0.002516323234885931	-0.01730308309197426	0.989220917224884	0.14540450274944305
-0.9654824137687683	-3.016233444213867	-1.2963639497756958	0.38082754611968994	0.002433300018310547	1.0	10	0.0	0	0.0	0	0.0	0.14542627334594727	-0.9893690347671509	-0.999850332736969	-0.017119139432907104	-0.0025163234677165747	-0.017303084954619408	0.9892209768295288	0.14540450274944305
-1.0	-1.0	-1.0	0.38082754611968994	0.14574670791625977	1.0	0	0.0	0	0.0	0	0.0	0.14542627334594727	-0.9893690347671509	-0.999850332736969	-0.017119139432907104	-0.0025163234677165747	-0.017303084954619408	0.9892209768295288	0.14540450274944305
-1.0	-1.0	0.0	0.23377390205860138	0.2547866404056549	1.0	0	0.0	0	0.0	0	0.0	0.0	0.0	1.0	0.0	0.0	0.0	0.0	0.0
1.0	-1.0	0.0	0.23377390205860138	0.2547866404056549	0.5	10	0.5	8	0.0	0	0.0	0.0	0.0	1.0	0.0	0.0	0.0	0.0	0.0
-1.0	-1.0	0.0	0.23377390205860138	0.2547866404056549	0.5	10	0.5	8	0.0	0	0.0	0.0	0.0	1.0	0.0	0.0	0.0	0.0	0.0
0.9803626537322998	-3.010871410369873	0.2992251217365265	0.523324191570282	0.8600720167160034	1.0	8	0.0	0	0.0	0	0.0	-1.0	0.0	0.0	0.0	-1.0	1.0	0.0	0.0
-1.0196372270584106	-3.010871410369873	1.299225091934204	0.45208290219306946	0.717927098274231	1.0	8	0.0	0	0.0	0	0.0	-1.0	0.0	0.0	0.0	-1.0	1.0	0.0	0.0
-1.0196372270584106	-3.010871410369873	0.2992251217365265	0.523324191570282	0.717927098274231	1.0	8	0.0	0	0.0	0	0.0	-1.0	0.0	0.0	0.0	-1.0	1.0	0.0	0.0
-1.0	-1.0	1.0	0.0	0.3977186679840088	1.0	0	0.0	0	0.0	0	0.0	0.1471831202507019	0.9891092777252197	0.9999512434005737	-0.00976466853171587	0.001453018863685429	0.00987218413501978	0.9890610575675964	-0.14717593789100647
0.9803626537322998	-3.010871410369873	1.299225091934204	0.14247585833072662	0.25617480278015137	1.0	8	0.0	0	0.0	0	0.0	0.1471831202507019	0.9891092777252197	0.9999513030052185	-0.00976467039436102	0.0014530190965160728	0.009872185997664928	0.9890611171722412	-0.14717595279216766
1.0	-1.0	1.0	0.14247579872608185	0.3991067409515381	1.0	0	0.0	0	0.0	0	0.0	0.1471831202507019	0.9891092777252197	0.9999513030052185	-0.009764669463038445	0.001453018980100751	0.009872185066342354	0.9890611171722412	-0.14717595279216766
-1.0	-1.0	0.0	0.38084158301353455	0.43442296981811523	1.0	0	0.0	0	0.0	0	0.0	-0.1471831351518631	-0.9891092777252197	-0.9999513030052185	0.009763894602656364	-0.001452903845347464	0.009871401824057102	0.9890611171722412	-0.14717596769332886
0.9803626537322998	-3.010871410369873	0.2992251217365265	0.2383657842874527	0.2928802967071533	1.0	8	0.0	0	0.0	0	0.0	-0.1471831351518631	-0.9891092777252197	-0.9999513626098633	0.009763912297785282	-0.0014529064064845443	0.00987141951918602	0.9890610575675964	-0.14717595279216766
-1.0196372270584106	-3.010871410369873	0.2992251217365265	0.38084158301353455	0.291492223739624	1.0	8	0.0	0	0.0	0	0.0	-0.1471831351518631	-0.9891092777252197	-0.9999513030052185	0.00976471696048975	-0.0014530260814353824	0.009872231632471085	0.9890609979629517	-0.14717595279216766
-1.0	-1.0	1.0	0.7362723350524902	0.8610472679138184	1.0	0	0.0	0	0.0	0	-0.9999523758888245	0.009765065275132656	0.0	0.0014373670564964414	0.14718781411647797	0.9891075491905212	0.009658698923885822	0.9890603423118591	-0.14719483256340027
-1.0196372270584106	-3.010871410369873	0.2992251217365265	0.6658068895339966	0.7270190715789795	1.0	8	0.0	0	0.0	0	-0.9999523758888245	0.009765065275132656	0.0	0.0014373670564964414	0.14718781411647797	0.9891075491905212	0.009658698923885822	0.9890603423118591	-0.14719483256340027
-1.0196372270584106	-3.010871410369873	1.299225091934204	0.7362723350524902	0.7165582180023193	1.0	8	0.0	0	0.0	0	-0.9999523758888245	0.009765065275132656	0.0	0.0014373670564964414	0.14718781411647797	0.989107608795166	0.009658698923885822	0.9890604019165039	-0.14719483256340027
1.0345176458358765	-3.016233444213867	-1.2963639497756958	0.45208296179771423	0.8600719571113586	1.0	10	0.0	0	0.0	0	0.0	-1.0	0.0	0.0	0.0	-1.0	1.0	0.0	0.0
-0.9654824137687683	-3.016233444213867	-0.2963639795780182	0.3808416426181793	0.7179270386695862	1.0	10	0.0	0	0.0	0	0.0	-1.0	0.0	0.0	0.0	-1.0	1.0	0.0	0.0
-0.9654824137687683	-3.016233444213867	-1.2963639497756958	0.45208296179771423	0.7179270386695862	1.0	10	0.0	0	0.0	0	0.0	-1.0	0.0	0.0	0.0	-1.0	1.0	0.0	0.0
1.0	-1.0	0.0	0.38082754611968994	0.2890589237213135	1.0	0	0.0	0	0.0	0	0.0	-0.14542628824710846	0.9893690347671509	0.999850332736969	0.017119338735938072	0.0025163532700389624	-0.017303287982940674	0.9892209768295288	0.14540451765060425
-0.9654824137687683	-3.016233444213867	-0.2963639795780182	0.2383657842874527	0.1481800079345703	1.0	10	0.0	0	0.0	0	0.0	-0.14542628824710846	0.9893690347671509	0.999850332736969	0.017119336873292923	0.0025163525715470314	-0.017303286120295525	0.9892209768295288	0.14540451765060425
1.0345176458358765	-3.016233444213867	-0.2963639795780182	0.38082754611968994	0.14574670791625977	1.0	10	0.0	0	0.0	0	0.0	-0.14542628824710846	0.9893690347671509	0.999850332736969	0.017119336873292923	0.002516352804377675	-0.017303286120295525	0.9892209768295288	0.14540451765060425
1.0	-1.0	-1.0	0.1617819368839264	0.8282382488250732	1.0	0	0.0	0	0.0	0	0.9998535513877869	0.01711735874414444	0.0	-0.002489582635462284	0.14542068541049957	-0.9893668293952942	-0.01693534478545189	0.9892218112945557	0.14544199407100677
1.0345176458358765	-3.016233444213867	-0.2963639795780182	0.091297946870327	0.6937320232391357	1.0	10	0.0	0	0.0	0	0.9998535513877869	0.01711735874414444	0.0	-0.0024895828682929277	0.14542070031166077	-0.9893667697906494	-0.01693534664809704	0.9892218708992004	0.14544202387332916
1.0345176458358765	-3.016233444213867	-1.2963639497756958	0.1617819368839264	0.6833963394165039	1.0	10	0.0	0	0.0	0	0.9998535513877869	0.01711735874414444	0.0	-0.0024895828682929277	0.14542070031166077	-0.9893668293952942	-0.01693534478545189	0.9892218112945557	0.14544200897216797
-1.0	-1.0	-1.0	0.161781907081604	0.8282382488250732	1.0	0	0.0	0	0.0	0	-0.9998535513877869	-0.017117328941822052	0.0	0.0024895246606320143	-0.14541755616664886	0.9893672466278076	-0.016935324296355247	0.9892223477363586	0.14543887972831726
-0.9654824137687683	-3.016233444213867	-0.2963639795780182	0.23226593434810638	0.6937320232391357	1.0	10	0.0	0	0.0	0	-0.9998535513877869	-0.017117328941822052	0.0	0.0024895244278013706	-0.14541754126548767	0.9893672466278076	-0.016935324296355247	0.9892223477363586	0.14543886482715607
-1.0	-1.0	0.0	0.2322658747434616	0.838573694229126	1.0	0	0.0	0	0.0	0	-0.9998535513877869	-0.017117328941822052	0.0	0.0024895244278013706	-0.14541754126548767	0.9893672466278076	-0.016935324296355247	0.9892223477363586	0.14543886482715607
-5.563648208806171e-09	2.294816017150879	-1.6800000667572021	0.8536944389343262	0.5265277028083801	0	0	0	0	0	0	0.03026839904487133	0.9437501430511475	-0.32927122712135315	0.9852456450462341	0.027345925569534302	0.16894744336605072	0.16844840347766876	-0.3295268416404724	-0.9289979934692383
-5.563648208806171e-09	2.880962371826172	4.010860976677577e-09	0.8785899877548218	0.41014930605888367	0	0	0	0	0	0	0.03026839904487133	0.9437501430511475	-0.32927122712135315	0.9852457046508789	0.0273459330201149	0.16894744336605072	0.16844838857650757	-0.32952681183815	-0.9289979338645935
0.3511625826358795	2.294816017150879	-1.6477192640304565	0.8785899877548218	0.5284628868103027	0	0	0	0	0	0	0.03026839904487133	0.9437501430511475	-0.32927122712135315	0.9852455854415894	0.027345925569534302	0.16894742846488953	0.16844837367534637	-0.32952681183815	-0.9289979338645935
0.3511625826358795	2.294816017150879	-1.6477192640304565	0.8806571960449219	0.7072489261627197	0	0	0	0	0	0	0.08968918025493622	0.9442476630210876	-0.31678441166877747	-0.9852504134178162	0.03757656738162041	-0.166942298412323	-0.14573118090629578	0.32708486914634705	0.9336904883384705
-5.563648208806171e-09	2.880962371826172	4.010860976677577e-09	0.8806571960449219	0.8255624771118164	0	0	0	0	0	0	0.08968918025493622	0.9442476630210876	-0.31678441166877747	-0.9852503538131714	0.03757655248045921	-0.1669423133134842	-0.14573122560977936	0.32708486914634705	0.9336905479431152
0.6888301968574524	2.294816017150879	-1.5521175861358643	0.8559343814849854	0.709909200668335	0	0	0	0	0	0	0.08968918025493622	0.9442476630210876	-0.31678441166877747	-0.9852503538131714	0.03757656365633011	-0.1669422835111618	-0.14573118090629578	0.32708486914634705	0.9336905479431152
0.6888301968574524	2.294816017150879	-1.5521175861358643	0.9031198620796204	0.291492223739624	0	0	0	0	0	0	0.14578931033611298	0.9451689124107361	-0.29223504662513733	-0.9295096397399902	0.029716825112700462	-0.3675984740257263	-0.33875834941864014	0.3252272307872772	0.8828760385513306
-5.563648208806171e-09	2.880962371826172	4.010860976677577e-09	0.9031198620796204	0.4097461700439453	0	0	0	0	0	0	0.14578931033611298	0.9451689124107361	-0.29223504662513733	-0.929509699344635	0.029716843739151955	-0.36759844422340393	-0.33875828981399536	0.3252272307872772	0.8828759789466858
1.0000264644622803	2.294816017150879	-1.3968689441680908	0.8785434365272522	0.29357779026031494	0	0	0	0	0	0	0.14578931033611298	0.9451689124107361	-0.29223504662513733	-0.9295097589492798	0.02971682697534561	-0.3675984740257263	-0.33875831961631775	0.32522720098495483	0.8828760385513306
1.0000264644622803	2.294816017150879	-1.3968689441680908	0.8803260326385498	0.6920350790023804	0	0	0	0	0	0	0.19645018875598907	0.946376621723175	-0.2564735412597656	0.6999075412750244	0.04783894121646881	0.7126295566558838	0.6866853833198547	-0.3195039629936218	-0.6529781222343445
-5.563648208806171e-09	2.880962371826172	4.010860976677577e-09	0.9044959545135498	0.5757818222045898	0	0	0	0	0	0	0.19645018875598907	0.946376621723175	-0.2564735412597656	0.6999075412750244	0.04783894494175911	0.7126296162605286	0.6866854429244995	-0.3195039629936218	-0.6529781222343445
1.2727922201156616	2.294816017150879	-1.1879394054412842	0.9044959545135498	0.6953465938568115	0	0	0	0	0	0	0.19645018875598907	0.946376621723175	-0.2564735412597656	0.6999075412750244	0.04783894121646881	0.7126295566558838	0.6866853833198547	-0.3195039629936218	-0.6529781222343445
1.2727922201156616	2.294816017150879	-1.1879394054412842	0.9026442766189575	0.23650437593460083	0	0	0	0	0	0	0.23970715701580048	0.9476891756057739	-0.21077430248260498	0.5429534912109375	0.04911689832806587	0.8383251428604126	0.8048242330551147	-0.3153931796550751	-0.5027775168418884
-5.563648208806171e-09	2.880962371826172	4.010860976677577e-09	0.9265047907829285	0.1193331629037857	0	0	0	0	0	0	0.23970715701580048	0.9476891756057739	-0.21077430248260498	0.5429534912109375	0.04911690577864647	0.8383251428604126	0.8048241138458252	-0.3153931498527527	-0.5027774572372437
1.4966453313827515	2.294816017150879	-0.9333580732345581	0.9265047907829285	0.2398878037929535	0	0	0	0	0	0	0.23970715701580048	0.9476891756057739	-0.21077430248260498	0.5429535508155823	0.049116890877485275	0.8383251428604126	0.8048241138458252	-0.3153931498527527	-0.5027775168418884
1.4966453313827515	2.294816017150879	-0.9333580732345581	0.9031198024749756	0.40649574995040894	0	0	0	0	0	0	0.27383142709732056	0.948906660079956	-0.15682046115398407	0.3678015172481537	0.047342173755168915	0.9286984205245972	0.8886723518371582	-0.3119856119155884	-0.3360455334186554
-5.563648208806171e-09	2.880962371826172	4.010860976677577e-09	0.926716685295105	0.28826189041137695	0	0	0	0	0	0	0.27383142709732056	0.948906660079956	-0.15682046115398407	0.3678015172481537	0.047342173755168915	0.9286984205245972	0.8886723518371582	-0.3119856119155884	-0.3360455334186554
1.6629830598831177	2.294816017150879	-0.6429082155227661	0.926716685295105	0.4097462296485901	0	0	0	0	0	0	0.27383142709732056	0.948906660079956	-0.15682046115398407	0.3678015172481537	0.04734216630458832	0.9286983609199524	0.8886722922325134	-0.3119856119155884	-0.3360455334186554
1.6629830598831177	2.294816017150879	-0.6429082155227661	0.9044959545135498	0.6949991583824158	0	0	0	0	0	0	0.2974170744419098	0.9498416185379028	-0.09666477143764496	0.1815652698278427	0.04312931373715401	0.9824326634407043	0.9373244047164917	-0.309743195772171	-0.15963083505630493
-5.563648208806171e-09	2.880962371826172	4.010860976677577e-09	0.9279110431671143	0.5757818222045898	0	0	0	0	0	0	0.2974170744419098	0.9498416185379028	-0.09666477143764496	0.1815652847290039	0.04312931001186371	0.9824326634407043	0.9373244047164917	-0.309743195772171	-0.15963084995746613
1.7654134035110474	2.294816017150879	-0.3277517259120941	0.9279110431671143	0.6979555487632751	0	0	0	0	0	0	0.2974170744419098	0.9498416185379028	-0.09666477143764496	0.1815652847290039	0.04312931001186371	0.9824327230453491	0.9373244643211365	-0.309743195772171	-0.15963084995746613
1.7654134035110474	2.294816017150879	-0.3277517259120941	0.9495731592178345	0.41014933586120605	0	0	0	0	0	0	0.3094685673713684	0.9503487348556519	-0.03265730291604996	-0.18950392305850983	0.02798233926296234	-0.9814811944961548	-0.9318355917930603	0.30992627143859863	0.18875446915626526
-5.563648208806171e-09	2.880962371826172	4.010860976677577e-09	0.9495731592178345	0.5323231220245361	0	0	0	0	0	0	0.3094685673713684	0.9503487348556519	-0.03265730291604996	-0.18950392305850983	0.02798233926296234	-0.98148113489151	-0.9318355321884155	0.30992624163627625	0.18875446915626526
1.8000000715255737	2.294816017150879	4.010860976677577e-09	0.9261728525161743	0.4120664596557617	0	0	0	0	0	0	0.3094685673713684	0.9503487348556519	-0.03265730291604996	-0.18950393795967102	0.02798234112560749	-0.98148113489151	-0.9318355321884155	0.30992624163627625	0.18875448405742645
1.8000000715255737	2.294816017150879	4.010860976677577e-09	0.9042560458183289	0.8275108337402344	0	0	0	0	0	0	0.3094685673713684	0.9503487348556519	0.03265729546546936	-0.19988824427127838	0.031438324600458145	0.9793142080307007	0.9296633005142212	-0.3095947802066803	0.1996927112340927
-5.563648208806171e-09	2.880962371826172	4.010860976677577e-09	0.9276288747787476	0.7072489261627197	0	0	0	0	0	0	0.3094685673713684	0.9503487348556519	0.03265729546546936	-0.19988824427127838	0.031438324600458145	0.9793142080307007	0.9296633005142212	-0.3095947802066803	0.1996927112340927
1.7654134035110474	2.294816017150879	0.3277517855167389	0.9276288747787476	0.8296695947647095	0	0	0	0	0	0	0.3094685673713684	0.9503487348556519	0.03265729546546936	-0.19988824427127838	0.031438324600458145	0.9793142080307007	0.9296633005142212	-0.3095947802066803	0.1996927112340927
1.7654134035110474	2.294816017150879	0.3277517855167389	0.9026591181755066	0.5303015112876892	0	0	0	0	0	0	0.2974170744419098	0.9498415589332581	0.09666478633880615	-0.3839590847492218	0.026295697316527367	0.9229755997657776	0.8741387128829956	-0.31162405014038086	0.3725210726261139
-5.563648208806171e-09	2.880962371826172	4.010860976677577e-09	0.9261728525161743	0.41014930605888367	0	0	0	0	0	0	0.2974170744419098	0.9498415589332581	0.09666478633880615	-0.3839590549468994	0.02629568986594677	0.9229755997657776	0.8741387128829956	-0.31162405014038086	0.3725210428237915
1.6629830598831177	2.294816017150879	0.6429082155227661	0.9261728525161743	0.5321131944656372	0	0	0	0	0	0	0.2974170744419098	0.9498415589332581	0.09666478633880615	-0.3839590847492218	0.026295697316527367	0.9229755997657776	0.8741387128829956	-0.31162405014038086	0.3725210726261139
1.6629830598831177	2.294816017150879	0.6429082155227661	0.9042559862136841	0.7072488069534302	0	0	0	0	0	0	0.27383142709732056	0.948906660079956	0.15682046115398407	0.37728607654571533	0.04400235041975975	-0.9250509142875671	-0.8846873641014099	0.3124741315841675	-0.34595996141433716
-5.563648208806171e-09	2.880962371826172	4.010860976677577e-09	0.9042559862136841	0.8292126655578613	0	0	0	0	0	0	0.27383142709732056	0.948906660079956	0.15682046115398407	0.37728607654571533	0.04400234669446945	-0.9250508546829224	-0.8846873044967651	0.3124741315841675	-0.34595999121665955
1.4966453313827515	2.294816017150879	0.9333580732345581	0.8806571960449219	0.7102818489074707	0	0	0	0	0	0	0.27383142709732056	0.948906660079956	0.15682046115398407	0.37728604674339294	0.04400235414505005	-0.9250508546829224	-0.8846873044967651	0.3124741315841675	-0.34595996141433716
1.4966453313827515	2.294816017150879	0.9333580732345581	0.878589928150177	0.5303059816360474	0	0	0	0	0	0	0.23970715701580048	0.9476891756057739	0.21077430248260498	-0.660329282283783	-8.802891784398525e-07	0.7509762048721313	0.711692214012146	-0.3191947937011719	0.6257866621017456
-5.563648208806171e-09	2.880962371826172	4.010860976677577e-09	0.8947901725769043	0.41014933586120605	0	0	0	0	0	0	0.23970715701580048	0.9476891756057739	0.21077430248260498	-0.660329282283783	-8.802891784398525e-07	0.7509762048721313	0.711692214012146	-0.3191947937011719	0.6257866621017456
1.2727922201156616	2.294816017150879	1.1879394054412842	0.9026589393615723	0.5303059220314026	0	0	0	0	0	0	0.23970715701580048	0.9476891756057739	0.21077430248260498	-0.660329282283783	-8.661676247356809e-07	0.7509762644767761	0.7116921544075012	-0.3191947937011719	0.6257866621017456
1.2727922201156616	2.294816017150879	1.1879394054412842	0.878341019153595	0.2372797131538391	0	0	0	0	0	0	0.19645018875598907	0.946376621723175	0.2564735412597656	-0.8357455134391785	0.024823468178510666	0.5485556721687317	0.5127736330032349	-0.32211044430732727	0.7958064675331116
-5.563648208806171e-09	2.880962371826172	4.010860976677577e-09	0.902644157409668	0.1193331629037857	0	0	0	0	0	0	0.19645018875598907	0.946376621723175	0.2564735412597656	-0.8357455134391785	0.024823468178510666	0.5485556721687317	0.5127736330032349	-0.32211044430732727	0.7958064675331116
1.0000264644622803	2.294816017150879	1.3968689441680908	0.902644157409668	0.2390223741531372	0	0	0	0	0	0	0.19645018875598907	0.946376621723175	0.2564735412597656	-0.8357454538345337	0.024823468178510666	0.5485556721687317	0.5127736926078796	-0.32211047410964966	0.7958065271377563
1.0000264644622803	2.294816017150879	1.3968689441680908	0.8803260922431946	0.5757818222045898	0	0	0	0	0	0	0.14578931033611298	0.9451689124107361	0.29223504662513733	0.833374559879303	0.04185495525598526	-0.5511217713356018	-0.5331345796585083	0.323888897895813	-0.7815775871276855
-5.563648208806171e-09	2.880962371826172	4.010860976677577e-09	0.8803260922431946	0.6954710483551025	0	0	0	0	0	0	0.14578931033611298	0.9451689124107361	0.29223504662513733	0.8333745002746582	0.041854944080114365	-0.551121711730957	-0.5331345796585083	0.323888897895813	-0.7815776467323303
0.6888301968574524	2.294816017150879	1.5521175861358643	0.855863630771637	0.5787214040756226	0	0	0	0	0	0	0.14578931033611298	0.9451689124107361	0.29223504662513733	0.8333745002746582	0.041854944080114365	-0.551121711730957	-0.5331345796585083	0.323888897895813	-0.7815776467323303
0.6888301968574524	2.294816017150879	1.5521175861358643	0.8536944389343262	0.41014930605888367	0	0	0	0	0	0	0.08968918025493622	0.9442476630210876	0.31678441166877747	-0.9621793031692505	-3.971592832385795e-07	0.27241697907447815	0.257229208946228	-0.32923623919487	0.9085354804992676
-5.563648208806171e-09	2.880962371826172	4.010860976677577e-09	0.8658285737037659	0.291492223739624	0	0	0	0	0	0	0.08968918025493622	0.9442476630210876	0.31678441166877747	-0.9621793031692505	-3.901241143466905e-07	0.27241694927215576	0.25722917914390564	-0.32923623919487	0.9085354804992676
0.3511625826358795	2.294816017150879	1.6477192640304565	0.8785434365272522	0.4101492762565613	0	0	0	0	0	0	0.08968918025493622	0.9442476630210876	0.31678441166877747	-0.9621793627738953	-4.041945658173063e-07	0.27241700887680054	0.257229208946228	-0.32923623919487	0.9085354208946228
0.3511625826358795	2.294816017150879	1.6477192640304565	0.8785677552223206	0.0	0	0	0	0	0	0	0.03026839904487133	0.9437501430511475	0.32927122712135315	0.9851688742637634	0.027495944872498512	-0.1693703532218933	-0.16889691352844238	0.3295143246650696	-0.9289209842681885
-5.563648208806171e-09	2.880962371826172	4.010860976677577e-09	0.8785677552223206	0.11933314800262451	0	0	0	0	0	0	0.03026839904487133	0.9437501430511475	0.32927122712135315	0.9851689338684082	0.02749594673514366	-0.1693703532218933	-0.16889691352844238	0.32951435446739197	-0.9289210438728333
-5.563648208806171e-09	2.294816017150879	1.6800000667572021	0.8536803126335144	0.0019625425338745117	0	0	0	0	0	0	0.03026839904487133	0.9437501430511475	0.32927122712135315	0.9851688146591187	0.027495939284563065	-0.16937033832073212	-0.1688968986272812	0.3295143246650696	-0.9289209246635437
-5.563648208806171e-09	2.294816017150879	1.6800000667572021	0.8559343814849854	0.7072488069534302	0	0	0	0	0	0	-0.03026839904487133	0.9437501430511475	0.32927125692367554	0.9991196990013123	0.018994156271219254	0.037403859198093414	0.02904566377401352	0.3301135301589966	-0.9434942007064819
-5.563648208806171e-09	2.880962371826172	4.010860976677577e-09	0.8559343814849854	0.8272167444229126	0	0	0	0	0	0	-0.03026839904487133	0.9437501430511475	0.32927125692367554	0.999119758605957	0.018994158133864403	0.03740386292338371	0.029045667499303818	0.3301135301589966	-0.9434942603111267
-0.3511626124382019	2.294816017150879	1.6477192640304565	0.8310009241104126	0.7086151838302612	0	0	0	0	0	0	-0.03026839904487133	0.9437501430511475	0.32927125692367554	0.9991196990013123	0.018994156271219254	0.037403859198093414	0.02904566377401352	0.3301135301589966	-0.9434942007064819
-0.3511626124382019	2.294816017150879	1.6477192640304565	0.31064069271087646	0.8387904167175293	0	0	0	0	0	0	-0.08968918770551682	0.9442476630210876	0.31678441166877747	-0.9025338888168335	0.05744931101799011	-0.4267694354057312	-0.421175092458725	-0.3241852819919586	0.8470629453659058
-5.563648208806171e-09	2.880962371826172	4.010860976677577e-09	0.33514919877052307	0.7201007604598999	0	0	0	0	0	0	-0.08968918770551682	0.9442476630210876	0.31678441166877747	-0.9025338888168335	0.05744931101799011	-0.4267694652080536	-0.4211750626564026	-0.32418525218963623	0.8470628261566162
-0.6888301968574524	2.294816017150879	1.5521175861358643	0.33514919877052307	0.842982828617096	0	0	0	0	0	0	-0.08968918770551682	0.9442476630210876	0.31678441166877747	-0.9025339484214783	0.057449325919151306	-0.426769495010376	-0.421175092458725	-0.32418525218963623	0.847062885761261
-0.6888301968574524	2.294816017150879	1.5521175861358643	0.2620398700237274	0.842963457107544	0	0	0	0	0	0	-0.14578931033611298	0.9451689124107361	0.29223504662513733	-0.8948287963867188	7.702851689828094e-09	-0.4464094340801239	-0.42193230986595154	-0.32658204436302185	0.8457643389701843
-5.563648208806171e-09	2.880962371826172	4.010860976677577e-09	0.2642216086387634	0.7201007604598999	0	0	0	0	0	0	-0.14578931033611298	0.9451689124107361	0.29223504662513733	-0.8948288559913635	7.702851689828094e-09	-0.4464094638824463	-0.42193228006362915	-0.32658204436302185	0.8457642793655396
-1.0000264644622803	2.294816017150879	1.3968689441680908	0.2867051064968109	0.842963457107544	0	0	0	0	0	0	-0.14578931033611298	0.9451689124107361	0.29223504662513733	-0.8948288559913635	-6.381271511202158e-09	-0.4464094638824463	-0.4219323396682739	-0.32658207416534424	0.8457643985748291
-1.0000264644622803	2.294816017150879	1.3968689441680908	0.6415188312530518	0.8405053615570068	0	0	0	0	0	0	-0.19645018875598907	0.946376621723175	0.2564735412597656	-0.6732458472251892	0.05997319892048836	-0.7369824647903442	-0.7128444910049438	-0.3174501061439514	0.6253623962402344
-5.563648208806171e-09	2.880962371826172	4.010860976677577e-09	0.6655116081237793	0.7179270386695862	0	0	0	0	0	0	-0.19645018875598907	0.946376621723175	0.2564735412597656	-0.673245906829834	0.05997317656874657	-0.7369824647903442	-0.7128444910049438	-0.3174501061439514	0.6253624558448792
-1.2727922201156616	2.294816017150879	1.1879394054412842	0.6655116081237793	0.8449163436889648	0	0	0	0	0	0	-0.19645018875598907	0.946376621723175	0.2564735412597656	-0.673245906829834	0.05997317656874657	-0.7369824647903442	-0.7128444910049438	-0.3174501061439514	0.6253624558448792
-1.2727922201156616	2.294816017150879	1.1879394054412842	0.5936300158500671	0.8449047803878784	0	0	0	0	0	0	-0.23970715701580048	0.9476891756057739	0.21077430248260498	-0.6603293418884277	8.628117029729765e-07	-0.7509762048721313	-0.7116920948028564	-0.3191947937011719	0.6257867217063904
-5.563648208806171e-09	2.880962371826172	4.010860976677577e-09	0.5953456163406372	0.7179270386695862	0	0	0	0	0	0	-0.23970715701580048	0.9476891756057739	0.21077430248260498	-0.6603293418884277	8.486899218951294e-07	-0.7509761452674866	-0.7116920948028564	-0.3191947638988495	0.6257867217063904
-1.4966453313827515	2.294816017150879	0.9333580732345581	0.6177303194999695	0.8449048399925232	0	0	0	0	0	0	-0.23970715701580048	0.9476891756057739	0.21077430248260498	-0.6603294014930725	8.3456825450412e-07	-0.7509761452674866	-0.7116920948028564	-0.3191947937011719	0.6257867813110352
-1.4966453313827515	2.294816017150879	0.9333580732345581	0.5467373728752136	0.8446987271308899	0	0	0	0	0	0	-0.27383142709732056	0.948906660079956	0.15682046115398407	-0.35942819714546204	0.05027398839592934	-0.9318175315856934	-0.8920918107032776	-0.3115266263484955	0.3272972106933594
-5.563648208806171e-09	2.880962371826172	4.010860976677577e-09	0.5702663660049438	0.7179270386695862	0	0	0	0	0	0	-0.27383142709732056	0.948906660079956	0.15682046115398407	-0.35942819714546204	0.050273995846509933	-0.9318175911903381	-0.8920917510986328	-0.3115265965461731	0.327297180891037
-1.6629830598831177	2.294816017150879	0.6429082155227661	0.5702663660049438	0.8484064936637878	0	0	0	0	0	0	-0.27383142709732056	0.948906660079956	0.15682046115398407	-0.3594282269477844	0.05027398094534874	-0.9318175315856934	-0.8920918107032776	-0.3115266263484955	0.32729724049568176
-1.6629830598831177	2.294816017150879	0.6429082155227661	0.8076034188270569	0.835623562335968	0	0	0	0	0	0	-0.2974170744419098	0.9498415589332581	0.09666478633880615	-0.1852026730775833	0.041926559060811996	-0.9818055629730225	-0.9366125464439392	-0.30990833044052124	0.16344352066516876
-5.563648208806171e-09	2.880962371826172	4.010860976677577e-09	0.8310009241104126	0.7072489261627197	0	0	0	0	0	0	-0.2974170744419098	0.9498415589332581	0.09666478633880615	-0.1852027028799057	0.0419265516102314	-0.9818056225776672	-0.936612606048584	-0.30990833044052124	0.16344355046749115
-1.7654134035110474	2.294816017150879	0.3277517855167389	0.8310009241104126	0.8387159705162048	0	0	0	0	0	0	-0.2974170744419098	0.9498415589332581	0.09666478633880615	-0.1852026730775833	0.041926559060811996	-0.9818056225776672	-0.936612606048584	-0.30990833044052124	0.16344352066516876
-1.7654134035110474	2.294816017150879	0.3277517855167389	0.8310146927833557	0.5757819414138794	0	0	0	0	0	0	-0.3094685673713684	0.9503487348556519	0.03265729546546936	0.17800985276699066	0.024162104353308678	0.9837320446968079	0.9340994358062744	0.3102474808692932	-0.17664885520935059
-5.563648208806171e-09	2.880962371826172	4.010860976677577e-09	0.8310146331787109	0.7072489261627197	0	0	0	0	0	0	-0.3094685673713684	0.9503487348556519	0.03265729546546936	0.17800986766815186	0.024162111803889275	0.9837321043014526	0.9340993762016296	0.3102474510669708	-0.17664885520935059
-1.8000000715255737	2.294816017150879	4.010860976677577e-09	0.8076035380363464	0.5775630474090576	0	0	0	0	0	0	-0.3094685673713684	0.9503487348556519	0.03265729546546936	0.17800985276699066	0.024162104353308678	0.9837319850921631	0.9340993762016296	0.3102474510669708	-0.17664885520935059
-1.8000000715255737	2.294816017150879	4.010860976677577e-09	0.5233242511749268	0.8476125597953796	0	0	0	0	0	0	-0.3094685673713684	0.9503487348556519	-0.03265730291604996	0.1734326183795929	0.022642256692051888	-0.9845854043960571	-0.9349600672721863	-0.3103620707988739	-0.17182853817939758
-5.563648208806171e-09	2.880962371826172	4.010860976677577e-09	0.5467373728752136	0.7179270386695862	0	0	0	0	0	0	-0.3094685673713684	0.9503487348556519	-0.03265730291604996	0.1734326034784317	0.02264225110411644	-0.9845854043960571	-0.934960126876831	-0.3103621006011963	-0.17182853817939758
-1.7654134035110474	2.294816017150879	-0.3277517259120941	0.5467373728752136	0.8492801785469055	0	0	0	0	0	0	-0.3094685673713684	0.9503487348556519	-0.03265730291604996	0.1734326034784317	0.02264225296676159	-0.9845854640007019	-0.9349600672721863	-0.3103621006011963	-0.1718285232782364
-1.7654134035110474	2.294816017150879	-0.3277517259120941	0.5936300158500671	0.7179269790649414	0	0	0	0	0	0	-0.2974170744419098	0.9498416185379028	-0.09666477143764496	-0.18035519123077393	0.04352910444140434	0.982637882232666	0.9375579953193665	0.3096872568130493	0.15836255252361298
-5.563648208806171e-09	2.880962371826172	4.010860976677577e-09	0.5936300158500671	0.8492801189422607	0	0	0	0	0	0	-0.2974170744419098	0.9498416185379028	-0.09666477143764496	-0.1803552210330963	0.043529096990823746	0.9826379418373108	0.9375580549240112	0.3096872568130493	0.15836258232593536
-1.6629830598831177	2.294816017150879	-0.6429082155227661	0.5702664852142334	0.7211350202560425	0	0	0	0	0	0	-0.2974170744419098	0.9498416185379028	-0.09666477143764496	-0.18035519123077393	0.04352910444140434	0.982637882232666	0.9375579953193665	0.3096872568130493	0.15836255252361298
-1.6629830598831177	2.294816017150879	-0.6429082155227661	0.6177302598953247	0.8459942936897278	0	0	0	0	0	0	-0.27383142709732056	0.948906660079956	-0.15682046115398407	0.5147197842597961	0.006849349942058325	-0.8573310971260071	-0.8124530911445618	-0.3154827952384949	-0.4902966022491455
-5.563648208806171e-09	2.880962371826172	4.010860976677577e-09	0.641518771648407	0.7179270386695862	0	0	0	0	0	0	-0.27383142709732056	0.948906660079956	-0.15682046115398407	0.5147197246551514	0.006849320605397224	-0.8573310971260071	-0.8124530911445618	-0.3154827952384949	-0.49029651284217834
-1.4966453313827515	2.294816017150879	-0.9333580732345581	0.641518771648407	0.8464968800544739	0	0	0	0	0	0	-0.27383142709732056	0.948906660079956	-0.15682046115398407	0.5147197842597961	0.006849349942058325	-0.8573310971260071	-0.8124530911445618	-0.3154827952384949	-0.4902966022491455
-1.4966453313827515	2.294816017150879	-0.9333580732345581	0.2620398998260498	0.7201006412506104	0	0	0	0	0	0	-0.23970715701580048	0.9476891756057739	-0.21077430248260498	-0.5188729166984558	0.05843861401081085	0.8528515696525574	0.820555567741394	0.3137996792793274	0.47772207856178284
-5.563648208806171e-09	2.880962371826172	4.010860976677577e-09	0.2620398998260498	0.848670482635498	0	0	0	0	0	0	-0.23970715701580048	0.9476891756057739	-0.21077430248260498	-0.5188729166984558	0.058438628911972046	0.8528516292572021	0.8205555081367493	0.3137996792793274	0.47772201895713806
-1.2727922201156616	2.294816017150879	-1.1879394054412842	0.23835903406143188	0.7243956327438354	0	0	0	0	0	0	-0.23970715701580048	0.9476891756057739	-0.21077430248260498	-0.5188729166984558	0.05843861401081085	0.8528515696525574	0.820555567741394	0.3137996792793274	0.47772207856178284
-1.2727922201156616	2.294816017150879	-1.1879394054412842	0.31064072251319885	0.7201007604598999	0	0	0	0	0	0	-0.19645018875598907	0.946376621723175	-0.2564735412597656	-0.6685435771942139	0.062059514224529266	0.7410790920257568	0.717256486415863	0.3170488476753235	0.6205023527145386
-5.563648208806171e-09	2.880962371826172	4.010860976677577e-09	0.31064072251319885	0.8466012477874756	0	0	0	0	0	0	-0.19645018875598907	0.946376621723175	-0.2564735412597656	-0.6685435175895691	0.06205950677394867	0.7410790920257568	0.7172565460205078	0.3170488476753235	0.6205022931098938
-1.0000264644622803	2.294816017150879	-1.3968689441680908	0.2867051064968109	0.7246485948562622	0	0	0	0	0	0	-0.19645018875598907	0.946376621723175	-0.2564735412597656	-0.6685435175895691	0.062059517949819565	0.7410790324211121	0.717256486415863	0.3170488476753235	0.6205023527145386
-1.0000264644622803	2.294816017150879	-1.3968689441680908	0.33514925837516785	0.8422148823738098	0	0	0	0	0	0	-0.14578931033611298	0.9451689124107361	-0.29223504662513733	0.8948288559913635	6.381271511202158e-09	-0.4464094638824463	-0.4219323396682739	-0.32658207416534424	-0.8457643985748291
-5.563648208806171e-09	2.880962371826172	4.010860976677577e-09	0.3582426905632019	0.7201007604598999	0	0	0	0	0	0	-0.14578931033611298	0.9451689124107361	-0.29223504662513733	0.8948288559913635	-7.702851689828094e-09	-0.4464094638824463	-0.42193228006362915	-0.32658204436302185	-0.8457642793655396
-0.6888301968574524	2.294816017150879	-1.5521175861358643	0.35978856682777405	0.8422148823738098	0	0	0	0	0	0	-0.14578931033611298	0.9451689124107361	-0.29223504662513733	0.8948287963867188	-7.702851689828094e-09	-0.4464094340801239	-0.42193230986595154	-0.32658204436302185	-0.8457643389701843
-1.0000264644622803	2.294816017150879	-1.3968689441680908	0.013564430177211761	0.1890813112258911	0	0	0	0	0	0	0.0	-1.0	0.0	0.09153913706541061	0.0	0.995801568031311	-0.995801568031311	0.0	0.09153913706541061
