156	68	11
-1.0	1.0	-1.0	0.9052432775497437	0.3901546001434326	1.0	0	0.0	0	0.0	0	0.0	0.0	-1.0	0.0	-1.0	0.0	-1.0	0.0	0.0
1.0	2.2815322875976562	-1.0	0.7802442312240601	0.1950773000717163	1.0	0	0.0	0	0.0	0	0.0	0.0	-1.0	0.0	-1.0	0.0	-1.0	0.0	0.0
1.0	1.0	-1.0	0.9052432775497437	0.1950773000717163	1.0	0	0.0	0	0.0	0	0.0	0.0	-1.0	0.0	-1.0	0.0	-1.0	0.0	0.0
1.0	1.0	1.0	0.3900986313819885	0.40229684114456177	1.0	0	0.0	0	0.0	0	0.0	0.0	1.0	-1.0	1.5277186093953787e-07	0.0	-1.5277186093953787e-07	-1.0	0.0
-1.0	-1.0	1.0	0.5851759314537048	0.5973742008209229	1.0	0	0.0	0	0.0	0	0.0	0.0	1.0	-1.0	1.5277186093953787e-07	0.0	-1.5277186093953787e-07	-1.0	0.0
1.0	-1.0	1.0	0.3900986313819885	0.5973741412162781	1.0	0	0.0	0	0.0	0	0.0	0.0	1.0	-1.0	3.055436934573663e-07	0.0	-3.055436934573663e-07	-1.0	0.0
-1.0	1.0	-1.0	0.7802442312240601	0.1950773000717163	1.0	0	0.0	0	0.0	0	-1.0	0.0	0.0	0.0	1.0	0.0	0.0	0.0	-1.0
-1.0	-1.0	-1.0	0.5851669311523438	0.1950773000717163	1.0	0	0.0	0	0.0	0	-1.0	0.0	0.0	0.0	1.0	0.0	0.0	0.0	-1.0
-1.0	-1.0	0.0	0.5851669311523438	0.09753865003585815	1.0	0	0.0	0	0.0	0	-1.0	0.0	0.0	0.0	1.0	0.0	0.0	0.0	-1.0
1.0	-1.0	1.0	0.9996556043624878	0.7924190759658813	1.0	0	0.0	0	0.0	0	0.9999523758888245	-0.009765124879777431	0.0	0.0014371989527717233	0.14716969430446625	0.9891101717948914	-0.009658784605562687	-0.9890630841255188	0.14717672765254974
0.9803626537322998	-3.010871410369873	0.2992251217365265	0.9031790494918823	0.9763702154159546	1.0	8	0.0	0	0.0	0	0.9999523758888245	-0.009765124879777431	0.0	0.001437199069187045	0.14716970920562744	0.9891102313995361	-0.009658783674240112	-0.989063024520874	0.14717672765254974
1.0	-1.0	0.0	0.9031790494918823	0.7780636548995972	1.0	0	0.0	0	0.0	0	0.9999523758888245	-0.009765124879777431	0.0	0.001437199069187045	0.14716970920562744	0.9891102313995361	-0.009658783674240112	-0.989063024520874	0.14717672765254974
1.0	1.0	1.0	0.195021390914917	0.3971834182739258	1.0	0	0.0	0	0.0	0	1.0	0.0	0.0	0.0	-1.0	3.0554372187907575e-07	0.0	-3.0554372187907575e-07	-1.0
1.0	-1.0	1.0	0.3900986909866333	0.39718347787857056	1.0	0	0.0	0	0.0	0	1.0	0.0	0.0	0.0	-1.0	3.055436934573663e-07	0.0	-3.055436934573663e-07	-1.0
1.0	-1.0	0.0	0.3900986909866333	0.4947221279144287	1.0	0	0.0	0	0.0	0	1.0	0.0	0.0	0.0	-1.0	1.9786676830335637e-07	0.0	-1.9786676830335637e-07	-1.0
-1.0	1.0	-1.0	0.5851759314537048	0.7924514412879944	1.0	0	0.0	0	0.0	0	0.0	0.0	-1.0	-1.0	0.0	0.0	0.0	1.0	0.0
1.0	-1.0	-1.0	0.3900986313819885	0.5973741412162781	1.0	0	0.0	0	0.0	0	0.0	0.0	-1.0	-1.0	0.0	0.0	0.0	1.0	0.0
-1.0	-1.0	-1.0	0.5851759314537048	0.5973741412162781	1.0	0	0.0	0	0.0	0	0.0	0.0	-1.0	-1.0	0.0	0.0	0.0	1.0	0.0
-1.0	2.2815322875976562	-1.0	0.5851669311523438	0.390154629945755	1.0	0	0.0	0	0.0	0	0.0	1.0	0.0	1.0	0.0	0.0	0.0	0.0	-1.0
1.0	2.2815322875976562	1.0	0.7802443504333496	0.1950773298740387	1.0	0	0.0	0	0.0	0	0.0	1.0	0.0	1.0	0.0	0.0	0.0	0.0	-1.0
1.0	2.2815322875976562	-1.0	0.7802443504333496	0.390154629945755	1.0	0	0.0	0	0.0	0	0.0	1.0	0.0	1.0	0.0	0.0	0.0	0.0	-1.0
1.0	1.0	1.0	0.7101750373840332	0.9731409549713135	1.0	0	0.0	0	0.0	0	0.0	0.0	1.0	0.0	-1.0	0.0	1.0	0.0	0.0
-1.0	2.2815322875976562	1.0	0.5851759910583496	0.7780636548995972	1.0	0	0.0	0	0.0	0	0.0	0.0	1.0	0.0	-1.0	0.0	1.0	0.0	0.0
-1.0	1.0	1.0	0.7101750373840332	0.7780636548995972	1.0	0	0.0	0	0.0	0	0.0	0.0	1.0	0.0	-1.0	0.0	1.0	0.0	0.0
-1.0	1.0	1.0	0.9052432775497437	0.1950773000717163	1.0	0	0.0	0	0.0	0	-1.0	0.0	0.0	0.0	-1.0	0.0	0.0	0.0	1.0
-1.0	2.2815322875976562	-1.0	0.7802442312240601	0.0	1.0	0	0.0	0	0.0	0	-1.0	0.0	0.0	0.0	-1.0	0.0	0.0	0.0	1.0
-1.0	1.0	-1.0	0.9052432775497437	0.0	1.0	0	0.0	0	0.0	0	-1.0	0.0	0.0	0.0	-1.0	0.0	0.0	0.0	1.0
1.0	1.0	-1.0	0.9052524566650391	0.5973740816116333	1.0	0	0.0	0	0.0	0	1.0	0.0	0.0	0.0	-1.0	0.0	0.0	0.0	-1.0
1.0	2.2815322875976562	1.0	0.7802534103393555	0.402296781539917	1.0	0	0.0	0	0.0	0	1.0	0.0	0.0	0.0	-1.0	0.0	0.0	0.0	-1.0
1.0	1.0	1.0	0.9052524566650391	0.402296781539917	1.0	0	0.0	0	0.0	0	1.0	0.0	0.0	0.0	-1.0	0.0	0.0	0.0	-1.0
-1.0	0.9999999403953552	1.0	0.7802533507347107	0.40229684114456177	1.0	0	0.0	0	0.0	0	0.0	0.0	-1.0	-2.9802322387695312e-08	1.0	0.0	1.0	2.9802322387695312e-08	0.0
1.0	-0.9999999403953552	1.0	0.5851760506629944	0.5973741412162781	1.0	0	0.0	0	0.0	0	0.0	0.0	-1.0	-2.9802322387695312e-08	1.0	0.0	1.0	2.9802322387695312e-08	0.0
-0.9999999403953552	-1.0	1.0	0.5851760506629944	0.40229684114456177	1.0	0	0.0	0	0.0	0	0.0	0.0	-1.0	-2.9802322387695312e-08	1.0	0.0	1.0	2.9802322387695312e-08	0.0
-0.9999999403953552	-1.0	-1.6469693183898926	0.9683567881584167	0.402296781539917	1.0	0	0.0	0	0.0	0	2.9802322387695312e-08	-1.0	0.0	0.0	0.0	-1.0	1.0	2.9802322387695312e-08	0.0
1.0	-0.9999999403953552	-1.0	0.9052522778511047	0.5973740816116333	1.0	0	0.0	0	0.0	0	2.9802322387695312e-08	-1.0	0.0	0.0	0.0	-1.0	1.0	2.9802322387695312e-08	0.0
-0.9999999403953552	-1.0	-1.0	0.9052522778511047	0.402296781539917	1.0	0	0.0	0	0.0	0	2.9802322387695312e-08	-1.0	0.0	0.0	0.0	-1.0	1.0	2.9802322387695312e-08	0.0
1.0	-0.9999999403953552	-1.6469693183898926	0.5507418513298035	0.7924514412879944	1.0	0	0.0	0	0.0	0	1.0	2.9802322387695312e-08	0.0	0.0	0.0	-1.0	-2.9802322387695312e-08	1.0	0.0
0.9999999403953552	1.0	-1.0	0.48763734102249146	0.9875287413597107	1.0	0	0.0	0	0.0	0	1.0	2.9802322387695312e-08	0.0	0.0	0.0	-1.0	-2.9802322387695312e-08	1.0	0.0
1.0	-0.9999999403953552	-1.0	0.48763734102249146	0.7924514412879944	1.0	0	0.0	0	0.0	0	1.0	2.9802322387695312e-08	0.0	0.0	0.0	-1.0	-2.9802322387695312e-08	1.0	0.0
0.9999999403953552	1.0	-1.6469693183898926	0.9683477282524109	0.0	1.0	0	0.0	0	0.0	0	-2.9802322387695312e-08	1.0	0.0	0.0	0.0	-1.0	-1.0	-2.9802322387695312e-08	0.0
-1.0	0.9999999403953552	-1.0	0.9052432179450989	0.1950773000717163	1.0	0	0.0	0	0.0	0	-2.9802322387695312e-08	1.0	0.0	0.0	0.0	-1.0	-1.0	-2.9802322387695312e-08	0.0
0.9999999403953552	1.0	-1.0	0.9052432179450989	0.0	1.0	0	0.0	0	0.0	0	-2.9802322387695312e-08	1.0	0.0	0.0	0.0	-1.0	-1.0	-2.9802322387695312e-08	0.0
-1.0	0.9999999403953552	-1.6469693183898926	0.9683477282524109	0.19507735967636108	1.0	0	0.0	0	0.0	0	-1.0	-2.9802322387695312e-08	0.0	0.0	0.0	-1.0	2.9802322387695312e-08	-1.0	0.0
-0.9999999403953552	-1.0	-1.0	0.9052432179450989	0.3901546597480774	1.0	0	0.0	0	0.0	0	-1.0	-2.9802322387695312e-08	0.0	0.0	0.0	-1.0	2.9802322387695312e-08	-1.0	0.0
-1.0	0.9999999403953552	-1.0	0.9052432179450989	0.19507735967636108	1.0	0	0.0	0	0.0	0	-1.0	-2.9802322387695312e-08	0.0	0.0	0.0	-1.0	2.9802322387695312e-08	-1.0	0.0
0.9999999403953552	1.0	-1.0	0.195021390914917	0.20210599899291992	1.0	0	0.0	0	0.0	0	0.0	0.0	1.0	-1.0	3.055437787224946e-07	0.0	-3.055437787224946e-07	-1.0	0.0
-0.9999999403953552	-1.0	-1.0	0.3900986909866333	0.397183358669281	1.0	0	0.0	0	0.0	0	0.0	0.0	1.0	-1.0	3.055437503007852e-07	0.0	-3.055437503007852e-07	-1.0	0.0
1.0	-0.9999999403953552	-1.0	0.195021390914917	0.39718329906463623	1.0	0	0.0	0	0.0	0	0.0	0.0	1.0	-1.0	3.055437503007852e-07	0.0	-3.055437503007852e-07	-1.0	0.0
1.0	-0.9999999403953552	-1.6469693183898926	0.19502133131027222	0.7873380780220032	1.0	0	0.0	0	0.0	0	0.0	0.0	-1.0	-2.9802322387695312e-08	1.0	0.0	1.0	2.9802322387695312e-08	0.0
-1.0	0.9999999403953552	-1.6469693183898926	0.3900986313819885	0.5922607779502869	1.0	0	0.0	0	0.0	0	0.0	0.0	-1.0	-2.9802322387695312e-08	1.0	0.0	1.0	2.9802322387695312e-08	0.0
0.9999999403953552	1.0	-1.6469693183898926	0.3900986313819885	0.7873380780220032	1.0	0	0.0	0	0.0	0	0.0	0.0	-1.0	-2.9802322387695312e-08	1.0	0.0	1.0	2.9802322387695312e-08	0.0
1.0	-1.0	-1.0	0.19504940509796143	0.003303706645965576	1.0	0	0.0	0	0.0	0	0.0	0.14542627334594727	-0.9893690347671509	0.9998565316200256	0.01675533317029476	0.002462848322466016	0.016935372725129128	-0.9892272353172302	-0.14540542662143707
-0.9654824137687683	-3.016233444213867	-1.2963639497756958	0.0	0.19880235195159912	1.0	10	0.0	0	0.0	0	0.0	0.14542627334594727	-0.9893690347671509	0.9998566508293152	0.01675533503293991	0.002462848322466016	0.016935372725129128	-0.9892272353172302	-0.14540542662143707
-1.0	-1.0	-1.0	0.0	0.0	1.0	0	0.0	0	0.0	0	0.0	0.14542627334594727	-0.9893690347671509	0.9998565316200256	0.01675533317029476	0.002462848322466016	0.016935372725129128	-0.9892272353172302	-0.14540542662143707
-1.0	-1.0	0.0	0.1808873414993286	0.2021060585975647	1.0	0	0.0	0	0.0	0	0.0	0.0	0.0	1.0	0.0	0.0	0.0	0.0	0.0
1.0	-1.0	0.0	0.1806895136833191	0.40004146099090576	0.5	10	0.5	8	0.0	0	0.0	0.0	0.0	1.0	0.0	0.0	0.0	0.0	0.0
-1.0	-1.0	0.0	0.1806895136833191	0.20222026109695435	0.5	10	0.5	8	0.0	0	0.0	0.0	0.0	1.0	0.0	0.0	0.0	0.0	0.0
0.9803626537322998	-3.010871410369873	0.2992251217365265	0.38903650641441345	0.9824153184890747	1.0	8	0.0	0	0.0	0	0.0	-1.0	0.0	0.0	0.0	-1.0	1.0	0.0	0.0
-1.0196372270584106	-3.010871410369873	1.299225091934204	0.2914978563785553	0.7873380184173584	1.0	8	0.0	0	0.0	0	0.0	-1.0	0.0	0.0	0.0	-1.0	1.0	0.0	0.0
-1.0196372270584106	-3.010871410369873	0.2992251217365265	0.38903653621673584	0.7873380184173584	1.0	8	0.0	0	0.0	0	0.0	-1.0	0.0	0.0	0.0	-1.0	1.0	0.0	0.0
-1.0	-1.0	1.0	0.5851669311523438	0.0018842220306396484	1.0	0	0.0	0	0.0	0	0.0	0.1471831202507019	0.9891092777252197	-0.9999533295631409	0.009553652256727219	-0.001421618741005659	-0.009658844210207462	-0.9890631437301636	0.14717625081539154
0.9803626537322998	-3.010871410369873	1.299225091934204	0.3900986909866333	0.1983066201210022	1.0	8	0.0	0	0.0	0	0.0	0.1471831202507019	0.9891092777252197	-0.9999533891677856	0.009553653188049793	-0.001421618857420981	-0.009658844210207462	-0.9890630841255188	0.14717625081539154
1.0	-1.0	1.0	0.3900986909866333	0.0	1.0	0	0.0	0	0.0	0	0.0	0.1471831202507019	0.9891092777252197	-0.9999533295631409	0.009553652256727219	-0.001421618741005659	-0.009658844210207462	-0.9890631437301636	0.14717625081539154
-1.0	-1.0	0.0	0.5851669311523438	0.40041255950927734	1.0	0	0.0	0	0.0	0	0.0	-0.1471831351518631	-0.9891092777252197	-0.9999533295631409	0.009553643874824047	-0.0014216176932677627	0.00965883582830429	0.9890631437301636	-0.14717626571655273
0.9803626537322998	-3.010871410369873	0.2992251217365265	0.3900986909866333	0.20399022102355957	1.0	8	0.0	0	0.0	0	0.0	-0.1471831351518631	-0.9891092777252197	-0.9999533295631409	0.009553643874824047	-0.0014216176932677627	0.00965883582830429	0.9890631437301636	-0.14717626571655273
-1.0196372270584106	-3.010871410369873	0.2992251217365265	0.5851669311523438	0.20210599899291992	1.0	8	0.0	0	0.0	0	0.0	-0.1471831351518631	-0.9891092777252197	-0.9999533295631409	0.009553630836308002	-0.0014216157142072916	0.009658822789788246	0.9890631437301636	-0.14717626571655273
-1.0	-1.0	1.0	0.195021390914917	0.8016934394836426	1.0	0	0.0	0	0.0	0	-0.9999523758888245	0.009765065275132656	0.0	-0.0014371854485943913	-0.14716921746730804	-0.9891102910041809	-0.009658725932240486	-0.9890630841255188	0.14717623591423035
-1.0196372270584106	-3.010871410369873	0.2992251217365265	0.29149794578552246	0.9856445789337158	1.0	8	0.0	0	0.0	0	-0.9999523758888245	0.009765065275132656	0.0	-0.0014371854485943913	-0.14716921746730804	-0.9891102910041809	-0.009658725932240486	-0.9890630841255188	0.14717623591423035
-1.0196372270584106	-3.010871410369873	1.299225091934204	0.195021390914917	0.9999999403953552	1.0	8	0.0	0	0.0	0	-0.9999523758888245	0.009765065275132656	0.0	-0.0014371855650097132	-0.14716923236846924	-0.9891103506088257	-0.009658725932240486	-0.9890631437301636	0.14717625081539154
1.0345176458358765	-3.016233444213867	-1.2963639497756958	0.48763734102249146	0.9875286817550659	1.0	10	0.0	0	0.0	0	0.0	-1.0	0.0	0.0	0.0	-1.0	1.0	0.0	0.0
-0.9654824137687683	-3.016233444213867	-0.2963639795780182	0.3900986909866333	0.7924513816833496	1.0	10	0.0	0	0.0	0	0.0	-1.0	0.0	0.0	0.0	-1.0	1.0	0.0	0.0
-0.9654824137687683	-3.016233444213867	-1.2963639497756958	0.48763734102249146	0.7924513816833496	1.0	10	0.0	0	0.0	0	0.0	-1.0	0.0	0.0	0.0	-1.0	1.0	0.0	0.0
1.0	-1.0	0.0	0.3900986909866333	0.19880247116088867	1.0	0	0.0	0	0.0	0	0.0	-0.14542628824710846	0.9893690347671509	0.9998565912246704	0.01675565540790558	0.002462895819917321	-0.016935696825385094	0.9892271757125854	0.14540542662143707
-0.9654824137687683	-3.016233444213867	-0.2963639795780182	0.19504940509796143	0.0033037662506103516	1.0	10	0.0	0	0.0	0	0.0	-0.14542628824710846	0.9893690347671509	0.9998566508293152	0.01675565540790558	0.002462895819917321	-0.016935696825385094	0.9892272353172302	0.14540544152259827
1.0345176458358765	-3.016233444213867	-0.2963639795780182	0.3900986909866333	0.0	1.0	10	0.0	0	0.0	0	0.0	-0.14542628824710846	0.9893690347671509	0.9998565316200256	0.01675565354526043	0.0024628955870866776	-0.016935696825385094	0.9892272353172302	0.14540544152259827
1.0	-1.0	-1.0	0.8066769242286682	0.9768660068511963	1.0	0	0.0	0	0.0	0	0.9998535513877869	0.01711735874414444	0.0	-0.0024889428168535233	0.1453833132982254	-0.9893722534179688	-0.0169354397803545	0.9892273545265198	0.1454046219587326
1.0345176458358765	-3.016233444213867	-0.2963639795780182	0.7101749181747437	0.7922461032867432	1.0	10	0.0	0	0.0	0	0.9998535513877869	0.01711735874414444	0.0	-0.0024889428168535233	0.1453833132982254	-0.9893722534179688	-0.0169354397803545	0.9892273545265198	0.1454046219587326
1.0345176458358765	-3.016233444213867	-1.2963639497756958	0.8066769242286682	0.7780635356903076	1.0	10	0.0	0	0.0	0	0.9998535513877869	0.01711735874414444	0.0	-0.0024889425840228796	0.1453832983970642	-0.9893722534179688	-0.0169354397803545	0.9892273545265198	0.1454046070575714
-1.0	-1.0	-1.0	0.806676983833313	0.9768657684326172	1.0	0	0.0	0	0.0	0	-0.9998535513877869	-0.017117328941822052	0.0	0.0024889784399420023	-0.14538563787937164	0.9893720149993896	-0.016935404390096664	0.9892269968986511	0.14540693163871765
-0.9654824137687683	-3.016233444213867	-0.2963639795780182	0.9031789898872375	0.7922461032867432	1.0	10	0.0	0	0.0	0	-0.9998535513877869	-0.017117328941822052	0.0	0.0024889784399420023	-0.14538563787937164	0.9893718957901001	-0.016935404390096664	0.9892269968986511	0.14540694653987885
-1.0	-1.0	0.0	0.9031789898872375	0.9910485744476318	1.0	0	0.0	0	0.0	0	-0.9998535513877869	-0.017117328941822052	0.0	0.0024889784399420023	-0.14538563787937164	0.9893720149993896	-0.016935404390096664	0.9892269968986511	0.14540693163871765
-1.0199999809265137	0.9604329466819763	1.641737699508667	0.1806895136833191	0.9248642921447754	1.0	3	0.0	0	0.0	0	-1.0	0.0	0.0	0.0	0.0	1.0	0.0	1.0	0.0
-1.0199999809265137	0.21670740842819214	1.0018806457519531	0.0	0.7441747188568115	1.0	3	0.0	0	0.0	0	-1.0	0.0	0.0	0.0	0.0	1.0	0.0	1.0	0.0
-1.0199999809265137	0.21670740842819214	1.641737699508667	0.18068957328796387	0.7441747188568115	1.0	3	0.0	0	0.0	0	-1.0	0.0	0.0	0.0	0.0	1.0	0.0	1.0	0.0
-1.0199999809265137	0.9604329466819763	1.0018806457519531	0.7658654451370239	0.7780637145042419	1.0	3	0.0	0	0.0	0	0.0	0.0	-1.0	-1.0	0.0	0.0	0.0	1.0	0.0
1.9800000190734863	0.21670740842819214	1.0018806457519531	0.5851759314537048	0.5973741412162781	1.0	3	0.0	0	0.0	0	0.0	0.0	-1.0	-1.0	0.0	0.0	0.0	1.0	0.0
-1.0199999809265137	0.21670740842819214	1.0018806457519531	0.7658654451370239	0.5973741412162781	1.0	3	0.0	0	0.0	0	0.0	0.0	-1.0	-1.0	0.0	0.0	0.0	1.0	0.0
1.9800000190734863	0.9604329466819763	1.0018806457519531	0.0	0.20210599899291992	1.0	3	0.0	0	0.0	0	1.0	0.0	0.0	0.0	3.866566657961812e-07	1.0	0.0	-1.0	3.866566942178906e-07
1.9800000190734863	0.21670740842819214	1.641737699508667	0.1806895136833191	0.3827955722808838	1.0	3	0.0	0	0.0	0	1.0	0.0	0.0	0.0	3.8665663737447176e-07	1.0	0.0	-1.0	3.866566657961812e-07
1.9800000190734863	0.21670740842819214	1.0018806457519531	0.0	0.382795512676239	1.0	3	0.0	0	0.0	0	1.0	0.0	0.0	0.0	3.8665663737447176e-07	1.0	0.0	-1.0	3.866566657961812e-07
1.9800000190734863	0.9604329466819763	1.641737699508667	0.0	0.3827955722808838	1.0	3	0.0	0	0.0	0	0.0	0.0	1.0	-1.0	0.0	0.0	0.0	-1.0	0.0
-1.0199999809265137	0.21670740842819214	1.641737699508667	0.1806895136833191	0.5634851455688477	1.0	3	0.0	0	0.0	0	0.0	0.0	1.0	-1.0	0.0	0.0	0.0	-1.0	0.0
1.9800000190734863	0.21670740842819214	1.641737699508667	0.0	0.5634851455688477	1.0	3	0.0	0	0.0	0	0.0	0.0	1.0	-1.0	0.0	0.0	0.0	-1.0	0.0
1.9800000190734863	0.21670740842819214	1.0018806457519531	0.18068957328796387	0.7441748380661011	1.0	3	0.0	0	0.0	0	0.0	-1.0	0.0	0.0	0.0	-1.0	1.0	0.0	0.0
-1.0199999809265137	0.21670740842819214	1.641737699508667	0.0	0.5634852647781372	1.0	3	0.0	0	0.0	0	0.0	-1.0	0.0	0.0	0.0	-1.0	1.0	0.0	0.0
-1.0199999809265137	0.21670740842819214	1.0018806457519531	0.18068945407867432	0.5634852647781372	1.0	3	0.0	0	0.0	0	0.0	-1.0	0.0	0.0	0.0	-1.0	1.0	0.0	0.0
-1.0199999809265137	0.9604329466819763	1.0018806457519531	0.7658655643463135	0.7780636548995972	1.0	3	0.0	0	0.0	0	0.0	1.0	0.0	1.0	0.0	0.0	0.0	0.0	-1.0
1.9800000190734863	0.9604329466819763	1.641737699508667	0.9465551376342773	0.5973741412162781	1.0	3	0.0	0	0.0	0	0.0	1.0	0.0	1.0	0.0	0.0	0.0	0.0	-1.0
1.9800000190734863	0.9604329466819763	1.0018806457519531	0.9465551376342773	0.7780636548995972	1.0	3	0.0	0	0.0	0	0.0	1.0	0.0	1.0	0.0	0.0	0.0	0.0	-1.0
-1.0199999809265137	0.9604329466819763	1.0018806457519531	0.0	0.9248642921447754	1.0	3	0.0	0	0.0	0	-1.0	0.0	0.0	0.0	0.0	1.0	0.0	1.0	0.0
1.9800000190734863	0.9604329466819763	1.0018806457519531	0.5851759314537048	0.7780637145042419	1.0	3	0.0	0	0.0	0	0.0	0.0	-1.0	-1.0	0.0	0.0	0.0	1.0	0.0
1.9800000190734863	0.9604329466819763	1.0018806457519531	0.0	0.20210599899291992	1.0	3	0.0	0	0.0	0	1.0	0.0	0.0	0.0	0.0	1.0	0.0	-1.0	0.0
1.9800000190734863	0.9604329466819763	1.641737699508667	0.1806895136833191	0.20210599899291992	1.0	3	0.0	0	0.0	0	1.0	0.0	0.0	0.0	0.0	1.0	0.0	-1.0	0.0
1.9800000190734863	0.21670740842819214	1.641737699508667	0.1806895136833191	0.3827955722808838	1.0	3	0.0	0	0.0	0	1.0	0.0	0.0	0.0	0.0	1.0	0.0	-1.0	0.0
-1.0199999809265137	0.9604329466819763	1.641737699508667	0.18068957328796387	0.3827955722808838	1.0	3	0.0	0	0.0	0	0.0	0.0	1.0	-1.0	0.0	0.0	0.0	-1.0	0.0
1.9800000190734863	0.21670740842819214	1.641737699508667	0.0	0.7441748380661011	1.0	3	0.0	0	0.0	0	0.0	-1.0	0.0	0.0	0.0	-1.0	1.0	0.0	0.0
-1.0199999809265137	0.9604329466819763	1.641737699508667	0.7658655643463135	0.5973741412162781	1.0	3	0.0	0	0.0	0	0.0	1.0	0.0	1.0	0.0	0.0	0.0	0.0	-1.0
-1.0	2.2815322875976562	-1.0	0.7802442312240601	0.3901546001434326	1.0	0	0.0	0	0.0	0	0.0	0.0	-1.0	0.0	-1.0	0.0	-1.0	0.0	0.0
-1.0	1.0	1.0	0.5851759314537048	0.40229684114456177	1.0	0	0.0	0	0.0	0	0.0	0.0	1.0	-1.0	0.0	0.0	0.0	-1.0	0.0
-1.0	-1.0	1.0	0.5851669311523438	0.0	1.0	0	0.0	0	0.0	0	-1.0	0.0	0.0	0.0	1.0	0.0	0.0	0.0	-1.0
-1.0	1.0	1.0	0.7802442312240601	0.0	1.0	0	0.0	0	0.0	0	-1.0	0.0	0.0	0.0	1.0	0.0	0.0	0.0	-1.0
1.0	-1.0	1.0	0.9996556043624878	0.7924190759658813	1.0	0	0.0	0	0.0	0	0.9999523758888245	-0.009765124879777431	0.0	0.0014371887082234025	0.14716865122318268	0.9891103506088257	-0.009658786468207836	-0.9890632629394531	0.14717568457126617
0.9803626537322998	-3.010871410369873	1.299225091934204	0.999655544757843	0.9907255172729492	1.0	8	0.0	0	0.0	0	0.9999523758888245	-0.009765124879777431	0.0	0.0014371887082234025	0.14716865122318268	0.9891104102134705	-0.009658785536885262	-0.9890632033348083	0.14717566967010498
0.9803626537322998	-3.010871410369873	0.2992251217365265	0.9031790494918823	0.9763702154159546	1.0	8	0.0	0	0.0	0	0.9999523758888245	-0.009765124879777431	0.0	0.0014371887082234025	0.14716865122318268	0.9891104102134705	-0.009658785536885262	-0.9890632033348083	0.14717566967010498
1.0	-1.0	-1.0	0.3900986909866333	0.5922607183456421	1.0	0	0.0	0	0.0	0	1.0	0.0	0.0	0.0	-1.0	0.0	0.0	0.0	-1.0
1.0	1.0	-1.0	0.195021390914917	0.5922607183456421	1.0	0	0.0	0	0.0	0	1.0	0.0	0.0	0.0	-1.0	2.1535736038913456e-07	0.0	-2.1535736038913456e-07	-1.0
1.0	1.0	-1.0	0.3900986313819885	0.7924514412879944	1.0	0	0.0	0	0.0	0	0.0	0.0	-1.0	-1.0	0.0	0.0	0.0	1.0	0.0
-1.0	2.2815322875976562	1.0	0.5851669311523438	0.1950773298740387	1.0	0	0.0	0	0.0	0	0.0	1.0	0.0	1.0	0.0	0.0	0.0	0.0	-1.0
1.0	2.2815322875976562	1.0	0.5851759910583496	0.9731409549713135	1.0	0	0.0	0	0.0	0	0.0	0.0	1.0	0.0	-1.0	0.0	1.0	0.0	0.0
-1.0	2.2815322875976562	1.0	0.7802442312240601	0.1950773000717163	1.0	0	0.0	0	0.0	0	-1.0	0.0	0.0	0.0	-1.0	0.0	0.0	0.0	1.0
1.0	2.2815322875976562	-1.0	0.7802534103393555	0.5973740816116333	1.0	0	0.0	0	0.0	0	1.0	0.0	0.0	0.0	-1.0	0.0	0.0	0.0	-1.0
-1.0	0.9999999403953552	1.0	0.7802533507347107	0.40229684114456177	1.0	0	0.0	0	0.0	0	0.0	0.0	-1.0	0.0	1.0	0.0	1.0	0.0	0.0
0.9999999403953552	1.0	1.0	0.7802533507347107	0.5973741412162781	1.0	0	0.0	0	0.0	0	0.0	0.0	-1.0	0.0	1.0	0.0	1.0	0.0	0.0
1.0	-0.9999999403953552	1.0	0.5851760506629944	0.5973741412162781	1.0	0	0.0	0	0.0	0	0.0	0.0	-1.0	0.0	1.0	0.0	1.0	0.0	0.0
1.0	-0.9999999403953552	-1.6469693183898926	0.9683567881584167	0.5973740816116333	1.0	0	0.0	0	0.0	0	2.9802322387695312e-08	-1.0	0.0	0.0	0.0	-1.0	1.0	2.9802322387695312e-08	0.0
0.9999999403953552	1.0	-1.6469693183898926	0.5507418513298035	0.9875287413597107	1.0	0	0.0	0	0.0	0	1.0	2.9802322387695312e-08	0.0	0.0	0.0	-1.0	-2.9802322387695312e-08	1.0	0.0
-1.0	0.9999999403953552	-1.6469693183898926	0.9683477282524109	0.1950773000717163	1.0	0	0.0	0	0.0	0	-2.9802322387695312e-08	1.0	0.0	0.0	0.0	-1.0	-1.0	-2.9802322387695312e-08	0.0
-0.9999999403953552	-1.0	-1.6469693183898926	0.9683477282524109	0.3901546597480774	1.0	0	0.0	0	0.0	0	-1.0	-2.9802322387695312e-08	0.0	0.0	0.0	-1.0	2.9802322387695312e-08	-1.0	0.0
0.9999999403953552	1.0	-1.0	0.195021390914917	0.20210599899291992	1.0	0	0.0	0	0.0	0	0.0	0.0	1.0	-1.0	2.75741371069671e-07	0.0	-2.75741371069671e-07	-1.0	0.0
-1.0	0.9999999403953552	-1.0	0.3900986909866333	0.2021060585975647	1.0	0	0.0	0	0.0	0	0.0	0.0	1.0	-1.0	2.75741371069671e-07	0.0	-2.75741371069671e-07	-1.0	0.0
-0.9999999403953552	-1.0	-1.0	0.3900986909866333	0.397183358669281	1.0	0	0.0	0	0.0	0	0.0	0.0	1.0	-1.0	2.75741371069671e-07	0.0	-2.75741371069671e-07	-1.0	0.0
1.0	-0.9999999403953552	-1.6469693183898926	0.19502133131027222	0.7873380780220032	1.0	0	0.0	0	0.0	0	0.0	0.0	-1.0	0.0	1.0	0.0	1.0	0.0	0.0
-0.9999999403953552	-1.0	-1.6469693183898926	0.19502133131027222	0.5922607779502869	1.0	0	0.0	0	0.0	0	0.0	0.0	-1.0	0.0	1.0	0.0	1.0	0.0	0.0
-1.0	0.9999999403953552	-1.6469693183898926	0.3900986313819885	0.5922607779502869	1.0	0	0.0	0	0.0	0	0.0	0.0	-1.0	0.0	1.0	0.0	1.0	0.0	0.0
1.0	-1.0	-1.0	0.19504940509796143	0.003303706645965576	1.0	0	0.0	0	0.0	0	0.0	0.14542627334594727	-0.9893690347671509	0.9998566508293152	0.016755295917391777	0.0024628425016999245	0.016935333609580994	-0.9892272353172302	-0.14540542662143707
1.0345176458358765	-3.016233444213867	-1.2963639497756958	0.19504940509796143	0.2021060585975647	1.0	10	0.0	0	0.0	0	0.0	0.14542627334594727	-0.9893690347671509	0.9998565316200256	0.016755294054746628	0.002462842268869281	0.016935333609580994	-0.9892272353172302	-0.14540542662143707
-0.9654824137687683	-3.016233444213867	-1.2963639497756958	0.0	0.19880235195159912	1.0	10	0.0	0	0.0	0	0.0	0.14542627334594727	-0.9893690347671509	0.9998565316200256	0.016755294054746628	0.002462842268869281	0.016935333609580994	-0.9892272353172302	-0.14540542662143707
1.0	-1.0	0.0	0.1808873414993286	0.39992719888687134	1.0	0	0.0	0	0.0	0	0.0	0.0	0.0	1.0	0.0	0.0	0.0	0.0	0.0
0.9803626537322998	-3.010871410369873	1.299225091934204	0.2914978563785553	0.9824153184890747	1.0	8	0.0	0	0.0	0	0.0	-1.0	0.0	0.0	0.0	-1.0	1.0	0.0	0.0
-1.0	-1.0	1.0	0.5851669311523438	0.0018842220306396484	1.0	0	0.0	0	0.0	0	0.0	0.1471831202507019	0.9891092777252197	-0.9999533891677856	0.009553628973662853	-0.0014216153649613261	-0.009658819995820522	-0.9890630841255188	0.14717625081539154
-1.0196372270584106	-3.010871410369873	1.299225091934204	0.585166871547699	0.20019084215164185	1.0	8	0.0	0	0.0	0	0.0	0.1471831202507019	0.9891092777252197	-0.9999533295631409	0.009553628042340279	-0.0014216152485460043	-0.009658819995820522	-0.9890631437301636	0.14717625081539154
0.9803626537322998	-3.010871410369873	1.299225091934204	0.3900986909866333	0.1983066201210022	1.0	8	0.0	0	0.0	0	0.0	0.1471831202507019	0.9891092777252197	-0.9999533295631409	0.009553628042340279	-0.0014216152485460043	-0.009658819995820522	-0.9890631437301636	0.14717625081539154
1.0	-1.0	0.0	0.3900986909866333	0.402296781539917	1.0	0	0.0	0	0.0	0	0.0	-0.1471831351518631	-0.9891092777252197	-0.9999533295631409	0.009553655050694942	-0.0014216193230822682	0.009658847004175186	0.9890631437301636	-0.14717626571655273
-1.0	-1.0	1.0	0.195021390914917	0.8016934394836426	1.0	0	0.0	0	0.0	0	-0.9999523758888245	0.009765065275132656	0.0	-0.0014371848665177822	-0.14716915786266327	-0.9891103506088257	-0.009658725932240486	-0.9890631437301636	0.14717617630958557
-1.0	-1.0	0.0	0.29149794578552246	0.7873380780220032	1.0	0	0.0	0	0.0	0	-0.9999523758888245	0.009765065275132656	0.0	-0.0014371848665177822	-0.14716915786266327	-0.9891103506088257	-0.009658725932240486	-0.9890631437301636	0.14717617630958557
-1.0196372270584106	-3.010871410369873	0.2992251217365265	0.29149794578552246	0.9856445789337158	1.0	8	0.0	0	0.0	0	-0.9999523758888245	0.009765065275132656	0.0	-0.0014371848665177822	-0.14716915786266327	-0.9891102910041809	-0.009658725932240486	-0.9890630841255188	0.14717617630958557
1.0345176458358765	-3.016233444213867	-0.2963639795780182	0.3900986909866333	0.9875286817550659	1.0	10	0.0	0	0.0	0	0.0	-1.0	0.0	0.0	0.0	-1.0	1.0	0.0	0.0
1.0	-1.0	0.0	0.3900986909866333	0.19880247116088867	1.0	0	0.0	0	0.0	0	0.0	-0.14542628824710846	0.9893690347671509	0.9998566508293152	0.016754433512687683	0.002462716307491064	-0.016934461891651154	0.9892272353172302	0.14540544152259827
-1.0	-1.0	0.0	0.19504940509796143	0.20210599899291992	1.0	0	0.0	0	0.0	0	0.0	-0.14542628824710846	0.9893690347671509	0.9998566508293152	0.016754435375332832	0.0024627165403217077	-0.016934463754296303	0.9892272353172302	0.14540544152259827
-0.9654824137687683	-3.016233444213867	-0.2963639795780182	0.19504940509796143	0.0033037662506103516	1.0	10	0.0	0	0.0	0	0.0	-0.14542628824710846	0.9893690347671509	0.9998566508293152	0.016754435375332832	0.002462716307491064	-0.016934463754296303	0.9892272353172302	0.14540544152259827
1.0	-1.0	-1.0	0.8066769242286682	0.9768660068511963	1.0	0	0.0	0	0.0	0	0.9998535513877869	0.01711735874414444	0.0	-0.0024889411870390177	0.14538320899009705	-0.9893723726272583	-0.0169354397803545	0.9892273545265198	0.14540450274944305
1.0	-1.0	0.0	0.7101749181747437	0.9910485744476318	1.0	0	0.0	0	0.0	0	0.9998535513877869	0.01711735874414444	0.0	-0.002488940954208374	0.14538319408893585	-0.9893723130226135	-0.01693544164299965	0.9892274141311646	0.14540450274944305
1.0345176458358765	-3.016233444213867	-0.2963639795780182	0.7101749181747437	0.7922461032867432	1.0	10	0.0	0	0.0	0	0.9998535513877869	0.01711735874414444	0.0	-0.0024889411870390177	0.14538320899009705	-0.9893723726272583	-0.0169354397803545	0.9892273545265198	0.14540450274944305
-1.0	-1.0	-1.0	0.806676983833313	0.9768657684326172	1.0	0	0.0	0	0.0	0	-0.9998535513877869	-0.017117328941822052	0.0	0.002488938858732581	-0.1453833281993866	0.9893722534179688	-0.016935409978032112	0.9892273545265198	0.1454046368598938
-0.9654824137687683	-3.016233444213867	-1.2963639497756958	0.806676983833313	0.7780635356903076	1.0	10	0.0	0	0.0	0	-0.9998535513877869	-0.017117328941822052	0.0	0.0024889386259019375	-0.1453833132982254	0.9893722534179688	-0.016935409978032112	0.9892273545265198	0.1454046219587326
-0.9654824137687683	-3.016233444213867	-0.2963639795780182	0.9031789898872375	0.7922461032867432	1.0	10	0.0	0	0.0	0	-0.9998535513877869	-0.017117328941822052	0.0	0.002488938858732581	-0.1453833281993866	0.9893722534179688	-0.016935409978032112	0.9892273545265198	0.1454046368598938
0	1	2
3	4	5
6	7	8
9	10	11
12	13	14
15	16	17
18	19	20
21	22	23
24	25	26
27	28	29
30	31	32
33	34	35
36	37	38
39	40	41
42	43	44
45	46	47
48	49	50
51	52	53
54	55	56
57	58	59
60	61	62
63	64	65
66	67	68
69	70	71
72	73	74
75	76	77
78	79	80
81	82	83
84	85	86
87	88	89
90	91	92
93	94	95
96	97	98
81	99	82
84	100	85
101	102	103
90	104	91
93	105	94
96	106	97
0	107	1
3	108	4
8	109	110
110	6	8
111	112	113
14	114	115
115	12	14
15	116	16
18	117	19
21	118	22
24	119	25
27	120	28
121	122	123
33	124	34
36	125	37
39	126	40
42	127	43
128	129	130
131	132	133
134	135	136
54	137	55
57	138	58
139	140	141
63	142	64
143	144	145
69	146	70
147	148	149
150	151	152
153	154	155
