114	80	8
-1.0	4.179501056671143	1.0	0.5019014477729797	0.12410381436347961	1.0	0	0.0	0	0.0	0	-1.0	0.0	0.0	0.0	1.0	0.0	0.0	0.0	-1.0
-1.0	5.779329776763916	-1.0	0.6452909708023071	0.30057650804519653	1.0	7	0.0	0	0.0	0	-1.0	0.0	0.0	0.0	1.0	0.0	0.0	0.0	-1.0
-1.0	4.179501056671143	-1.0	0.5019014477729797	0.30057650804519653	1.0	0	0.0	0	0.0	0	-1.0	0.0	0.0	0.0	1.0	0.0	0.0	0.0	-1.0
-1.0	2.1795008182525635	1.0	0.32264548540115356	0.12410381436347961	1.0	0	0.0	0	0.0	0	-1.0	0.0	0.0	0.0	1.0	0.0	0.0	0.0	-1.0
-1.0	4.179501056671143	2.406492233276367	0.5019015073776245	0.0	0.5	4	0.5	0	0.0	0	-1.0	0.0	0.0	0.0	1.0	0.0	0.0	0.0	-1.0
-1.0	2.1795008182525635	-1.0	0.32264548540115356	0.30057650804519653	1.0	0	0.0	0	0.0	0	-1.0	0.0	0.0	0.0	1.0	0.0	0.0	0.0	-1.0
-1.0	2.1795008182525635	-1.0	0.3226454555988312	0.4139218032360077	1.0	0	0.0	0	0.0	0	0.0	0.0	0.0	1.0	0.0	0.0	0.0	0.0	0.0
1.0	2.1795008182525635	-1.0	0.3226454555988312	0.4139218032360077	1.0	0	0.0	0	0.0	0	0.0	0.0	0.0	1.0	0.0	0.0	0.0	0.0	0.0
1.0	4.179501056671143	-1.0	0.17925596237182617	0.11334541440010071	1.0	0	0.0	0	0.0	0	1.0	0.0	0.0	0.0	1.0	0.0	0.0	0.0	1.0
1.0	2.1795008182525635	1.0	0.0	0.2898179888725281	1.0	0	0.0	0	0.0	0	1.0	0.0	0.0	0.0	1.0	0.0	0.0	0.0	1.0
1.0	2.1795008182525635	-1.0	0.0	0.11334541440010071	1.0	0	0.0	0	0.0	0	1.0	0.0	0.0	0.0	1.0	0.0	0.0	0.0	1.0
-1.0	2.1795008182525635	-2.28456449508667	0.32264548540115356	0.4139218032360077	1.0	0	0.0	0	0.0	0	-1.0	0.0	0.0	0.0	1.0	0.0	0.0	0.0	-1.0
-1.0	5.779329776763916	-1.0	0.717024028301239	0.5979446172714233	1.0	7	0.0	0	0.0	0	0.0	1.0	0.0	-1.0	0.0	-1.6887774734186678e-07	-1.6887774734186678e-07	0.0	1.0
1.0	5.779329776763916	1.0	0.5377680063247681	0.7744173407554626	1.0	7	0.0	0	0.0	0	0.0	1.0	0.0	-1.0	0.0	-1.6887774734186678e-07	-1.6887774734186678e-07	0.0	1.0
1.0	5.779329776763916	-1.0	0.5377680063247681	0.5979446172714233	1.0	7	0.0	0	0.0	0	0.0	1.0	0.0	-1.0	0.0	0.0	0.0	0.0	1.0
1.0	5.779329776763916	1.0	0.32264548540115356	0.2898179888725281	1.0	7	0.0	0	0.0	0	1.0	0.0	0.0	0.0	1.0	0.0	0.0	0.0	1.0
1.0	4.179501056671143	1.0	0.17925596237182617	0.2898179888725281	1.0	0	0.0	0	0.0	0	1.0	0.0	0.0	0.0	1.0	0.0	0.0	0.0	1.0
-1.0	4.179501056671143	-1.0	0.7886640429496765	0.1764727085828781	1.0	0	0.0	0	0.0	0	0.0	0.0	-1.0	0.0	-1.0	0.0	-1.0	0.0	0.0
1.0	5.779329776763916	-1.0	0.6452909708023071	0.0	1.0	7	0.0	0	0.0	0	0.0	0.0	-1.0	0.0	-1.0	0.0	-1.0	0.0	0.0
1.0	4.179501056671143	-1.0	0.7886640429496765	0.0	1.0	0	0.0	0	0.0	0	0.0	0.0	-1.0	0.0	-1.0	0.0	-1.0	0.0	0.0
1.0	4.179501056671143	1.0	0.7874916195869446	0.3529454171657562	1.0	0	0.0	0	0.0	0	0.0	0.0	1.0	0.0	-1.0	0.0	1.0	0.0	0.0
-1.0	5.779329776763916	1.0	0.6452909708023071	0.1764727085828781	1.0	7	0.0	0	0.0	0	0.0	0.0	1.0	0.0	-1.0	0.0	1.0	0.0	0.0
-1.0	4.179501056671143	1.0	0.7874916195869446	0.1764727085828781	1.0	0	0.0	0	0.0	0	0.0	0.0	1.0	0.0	-1.0	0.0	1.0	0.0	0.0
1.0	4.179501056671143	2.406492233276367	0.17925596237182617	0.7843055129051208	0.5	4	0.5	0	0.0	0	0.0	0.0	1.0	0.0	-1.0	0.0	1.0	0.0	0.0
-1.0	2.1795008182525635	2.406492233276367	0.35702580213546753	0.6078327894210815	1.0	4	0.0	0	0.0	0	0.0	0.0	1.0	0.0	-1.0	0.0	1.0	0.0	0.0
1.0	2.1795008182525635	2.406492233276367	0.35702580213546753	0.7843055129051208	1.0	4	0.0	0	0.0	0	0.0	0.0	1.0	0.0	-1.0	0.0	1.0	0.0	0.0
1.0	2.1795008182525635	1.0	0.12606112658977509	0.7916787266731262	1.0	0	0.0	0	0.0	0	0.0	-1.0	0.0	0.0	0.0	-1.0	1.0	0.0	0.0
-1.0	2.1795008182525635	2.406492233276367	0.0	0.6152060031890869	1.0	4	0.0	0	0.0	0	0.0	-1.0	0.0	0.0	0.0	-1.0	1.0	0.0	0.0
-1.0	2.1795008182525635	1.0	0.12606112658977509	0.6152060031890869	1.0	0	0.0	0	0.0	0	0.0	-1.0	0.0	0.0	0.0	-1.0	1.0	0.0	0.0
-1.0	4.179501056671143	1.0	0.843084990978241	0.5903944969177246	1.0	0	0.0	0	0.0	0	0.0	1.0	0.0	0.0	0.0	-1.0	-1.0	0.0	0.0
1.0	4.179501056671143	2.406492233276367	0.7170238494873047	0.4139218032360077	0.5	4	0.5	0	0.0	0	0.0	1.0	0.0	0.0	0.0	-1.0	-1.0	0.0	0.0
1.0	4.179501056671143	1.0	0.843084990978241	0.4139218032360077	1.0	0	0.0	0	0.0	0	0.0	1.0	0.0	0.0	0.0	-1.0	-1.0	0.0	0.0
1.0	2.1795008182525635	2.406492233276367	0.0	0.4139218032360077	1.0	4	0.0	0	0.0	0	1.0	0.0	0.0	0.0	1.0	0.0	0.0	0.0	1.0
-1.0	4.179501056671143	-2.28456449508667	0.3226454555988312	0.4139218032360077	1.0	0	0.0	0	0.0	0	0.0	0.0	0.0	1.0	0.0	0.0	0.0	0.0	0.0
1.0	4.179501056671143	-2.28456449508667	0.3226454555988312	0.4139218032360077	1.0	0	0.0	0	0.0	0	0.0	0.0	0.0	1.0	0.0	0.0	0.0	0.0	0.0
-1.0	2.1795008182525635	-1.0	0.7170239686965942	0.5903944969177246	1.0	0	0.0	0	0.0	0	0.0	-1.0	0.0	0.0	0.0	-1.0	1.0	0.0	0.0
1.0	2.1795008182525635	-2.28456449508667	0.8321568965911865	0.7668672204017639	1.0	0	0.0	0	0.0	0	0.0	-1.0	0.0	0.0	0.0	-1.0	1.0	0.0	0.0
1.0	2.1795008182525635	-1.0	0.7170239686965942	0.7668672204017639	1.0	0	0.0	0	0.0	0	0.0	-1.0	0.0	0.0	0.0	-1.0	1.0	0.0	0.0
-1.0	4.179501056671143	-2.28456449508667	0.3226454555988312	0.4139218032360077	0.5	6	0.5	0	0.0	0	0.0	0.0	0.0	1.0	0.0	0.0	0.0	0.0	0.0
1.0	4.179501056671143	-2.28456449508667	0.3226454555988312	0.4139218032360077	0.5	6	0.5	0	0.0	0	0.0	0.0	0.0	1.0	0.0	0.0	0.0	0.0	0.0
1.0	4.179501056671143	-2.28456449508667	0.17925602197647095	0.0	1.0	0	0.0	0	0.0	0	1.0	0.0	0.0	0.0	1.0	0.0	0.0	0.0	1.0
-1.0	4.179501056671143	-2.28456449508667	0.3585120439529419	0.7834436297416687	1.0	0	0.0	0	0.0	0	0.0	0.0	-1.0	0.0	-1.0	0.0	-1.0	0.0	0.0
1.0	2.1795008182525635	-2.28456449508667	0.5377474427223206	0.6069709062576294	1.0	6	0.0	0	0.0	0	0.0	0.0	-1.0	0.0	-1.0	0.0	-1.0	0.0	0.0
-1.0	2.1795008182525635	-2.28456449508667	0.5377474427223206	0.7834436297416687	1.0	6	0.0	0	0.0	0	0.0	0.0	-1.0	0.0	-1.0	0.0	-1.0	0.0	0.0
1.0	2.1795008182525635	-2.28456449508667	0.3226454555988312	0.4139218032360077	1.0	6	0.0	0	0.0	0	0.0	0.0	0.0	1.0	0.0	0.0	0.0	0.0	0.0
-1.0	2.1795008182525635	-2.28456449508667	0.3226454555988312	0.4139218032360077	1.0	0	0.0	0	0.0	0	0.0	0.0	0.0	1.0	0.0	0.0	0.0	0.0	0.0
-1.0	2.1795008182525635	-2.28456449508667	0.3226454555988312	0.4139218032360077	1.0	6	0.0	0	0.0	0	0.0	0.0	0.0	1.0	0.0	0.0	0.0	0.0	0.0
1.0	2.1795008182525635	-2.28456449508667	0.3226454555988312	0.4139218032360077	1.0	0	0.0	0	0.0	0	0.0	0.0	0.0	1.0	0.0	0.0	0.0	0.0	0.0
1.0	2.1795008182525635	1.0	0.8321570158004761	0.798675000667572	1.0	0	0.0	0	0.0	0	1.0	0.0	0.0	0.0	-0.3790588080883026	-0.9253726005554199	0.0	0.9253726005554199	-0.3790588080883026
1.0	-0.004823178052902222	0.8947619795799255	0.9150963425636292	0.623841404914856	1.0	0	0.0	0	0.0	0	1.0	0.0	0.0	0.0	-0.3790588676929474	-0.9253726005554199	0.0	0.9253726005554199	-0.3790588676929474
1.0	2.1795008182525635	0.0	0.9150963425636292	0.8321217894554138	1.0	0	0.0	0	0.0	0	1.0	0.0	0.0	0.0	-0.3790588080883026	-0.9253726005554199	0.0	0.9253726005554199	-0.3790588080883026
1.0	2.1795008182525635	1.0	0.3226454555988312	0.4139218032360077	1.0	0	0.0	0	0.0	0	0.0	0.0	0.0	1.0	0.0	0.0	0.0	0.0	0.0
-1.0	2.1795008182525635	1.0	0.3226454555988312	0.4139218032360077	1.0	0	0.0	0	0.0	0	0.0	0.0	0.0	1.0	0.0	0.0	0.0	0.0	0.0
-1.0	2.1795008182525635	0.0	0.3226454555988312	0.4139218032360077	1.0	0	0.0	0	0.0	0	0.0	0.0	0.0	1.0	0.0	0.0	0.0	0.0	0.0
1.0	2.1795008182525635	0.0	0.3226454555988312	0.4139218032360077	1.0	0	0.0	0	0.0	0	0.0	0.0	0.0	1.0	0.0	0.0	0.0	0.0	0.0
1.0	2.1795008182525635	-1.0	0.8019277453422546	0.9717311859130859	1.0	0	0.0	0	0.0	0	1.0	0.0	0.0	0.0	0.32037603855133057	-0.9472904801368713	0.0	0.9472904801368713	0.32037603855133057
1.0	-0.019885271787643433	-0.7438374757766724	0.7170239686965942	0.7951359152793884	1.0	0	0.0	0	0.0	0	1.0	0.0	0.0	0.0	0.32037612795829773	-0.9472904205322266	0.0	0.9472904205322266	0.32037612795829773
1.0	-0.019885271787643433	-1.7438374757766724	0.8019277453422546	0.7668671011924744	1.0	0	0.0	0	0.0	0	1.0	0.0	0.0	0.0	0.32037612795829773	-0.9472903609275818	0.0	0.9472903609275818	0.32037612795829773
1.0	-0.019885271787643433	-1.7438374757766724	0.8782919049263	0.1764727085828781	1.0	0	0.0	0	0.0	0	0.0	-1.0	0.0	0.0	0.0	-1.0	1.0	0.0	0.0
-1.0	-0.019885271787643433	-0.7438374757766724	0.788663923740387	0.0	1.0	0	0.0	0	0.0	0	0.0	-1.0	0.0	0.0	0.0	-1.0	1.0	0.0	0.0
-1.0	-0.019885271787643433	-1.7438374757766724	0.8782919049263	0.0	1.0	0	0.0	0	0.0	0	0.0	-1.0	0.0	0.0	0.0	-1.0	1.0	0.0	0.0
1.0	2.1795008182525635	-1.0	0.3585119843482971	0.6069709062576294	1.0	0	0.0	0	0.0	0	0.0	0.32037585973739624	-0.9472905993461609	-1.0	0.0	0.0	0.0	0.9472905993461609	0.32037585973739624
-1.0	-0.019885271787643433	-1.7438374757766724	0.5377680063247681	0.41392168402671814	1.0	0	0.0	0	0.0	0	0.0	0.32037585973739624	-0.9472905993461609	-1.0	0.0	0.0	0.0	0.9472905397415161	0.32037582993507385
-1.0	2.1795008182525635	-1.0	0.5377680063247681	0.6069709062576294	1.0	0	0.0	0	0.0	0	0.0	0.32037585973739624	-0.9472905993461609	-1.0	0.0	0.0	0.0	0.9472905993461609	0.32037585973739624
-1.0	2.1795008182525635	0.0	0.5377679467201233	0.5979448556900024	1.0	0	0.0	0	0.0	0	0.0	-0.32037585973739624	0.9472905993461609	1.0	0.0	0.0	0.0	0.9472905993461609	0.32037585973739624
1.0	-0.019885271787643433	-0.7438374757766724	0.7170239686965942	0.41392192244529724	1.0	0	0.0	0	0.0	0	0.0	-0.32037585973739624	0.9472905993461609	1.0	0.0	0.0	0.0	0.9472905993461609	0.32037585973739624
1.0	2.1795008182525635	0.0	0.7170239686965942	0.5979448556900024	1.0	0	0.0	0	0.0	0	0.0	-0.32037585973739624	0.9472905993461609	1.0	0.0	0.0	0.0	0.9472905993461609	0.32037585973739624
-1.0	2.1795008182525635	-1.0	0.9150962829589844	0.7952584624290466	1.0	0	0.0	0	0.0	0	-1.0	0.0	0.0	0.0	-0.32037603855133057	0.9472904801368713	0.0	0.9472904801368713	0.32037603855133057
-1.0	-0.019885271787643433	-0.7438374757766724	1.0	0.6186631917953491	1.0	0	0.0	0	0.0	0	-1.0	0.0	0.0	0.0	-0.32037612795829773	0.9472904205322266	0.0	0.9472904205322266	0.32037612795829773
-1.0	2.1795008182525635	0.0	1.0	0.8235272765159607	1.0	0	0.0	0	0.0	0	-1.0	0.0	0.0	0.0	-0.32037603855133057	0.9472904801368713	0.0	0.9472904801368713	0.32037603855133057
1.0	-0.004823178052902222	0.8947619795799255	0.6273958683013916	0.950890064239502	1.0	0	0.0	0	0.0	0	0.0	-1.0	0.0	0.0	0.0	-1.0	1.0	0.0	0.0
-1.0	-0.004823178052902222	1.8947620391845703	0.5377678871154785	0.7744173407554626	1.0	0	0.0	0	0.0	0	0.0	-1.0	0.0	0.0	0.0	-1.0	1.0	0.0	0.0
-1.0	-0.004823178052902222	0.8947619795799255	0.6273958683013916	0.7744173407554626	1.0	0	0.0	0	0.0	0	0.0	-1.0	0.0	0.0	0.0	-1.0	1.0	0.0	0.0
1.0	2.1795008182525635	0.0	0.17925602197647095	0.6078325510025024	1.0	0	0.0	0	0.0	0	0.0	-0.37905916571617126	-0.9253724217414856	-1.0	0.0	0.0	0.0	0.9253724813461304	-0.37905919551849365
-1.0	-0.004823178052902222	0.8947619795799255	0.3585120439529419	0.41392168402671814	1.0	0	0.0	0	0.0	0	0.0	-0.37905916571617126	-0.9253724217414856	-1.0	0.0	0.0	0.0	0.9253724813461304	-0.37905919551849365
-1.0	2.1795008182525635	0.0	0.3585120439529419	0.6078325510025024	1.0	0	0.0	0	0.0	0	0.0	-0.37905916571617126	-0.9253724217414856	-1.0	0.0	0.0	0.0	0.9253724217414856	-0.37905916571617126
-1.0	2.1795008182525635	1.0	0.0	0.6152058839797974	1.0	0	0.0	0	0.0	0	0.0	0.37905919551849365	0.9253724217414856	1.0	0.0	0.0	0.0	0.9253724813461304	-0.37905922532081604
1.0	-0.004823178052902222	1.8947620391845703	0.17925596237182617	0.41392168402671814	1.0	0	0.0	0	0.0	0	0.0	0.37905919551849365	0.9253724217414856	1.0	0.0	0.0	0.0	0.9253724813461304	-0.37905922532081604
1.0	2.1795008182525635	1.0	0.17925596237182617	0.6152058839797974	1.0	0	0.0	0	0.0	0	0.0	0.37905919551849365	0.9253724217414856	1.0	0.0	0.0	0.0	0.9253724217414856	-0.37905919551849365
-1.0	2.1795008182525635	1.0	0.9855638146400452	0.3847530782222748	1.0	0	0.0	0	0.0	0	-1.0	0.0	0.0	0.0	0.379058837890625	0.9253725409507751	0.0	0.9253725409507751	-0.379058837890625
-1.0	-0.004823178052902222	0.8947619795799255	0.9026245474815369	0.2099194973707199	1.0	0	0.0	0	0.0	0	-1.0	0.0	0.0	0.0	0.3790588676929474	0.9253726005554199	0.0	0.9253726005554199	-0.3790588676929474
-1.0	-0.004823178052902222	1.8947620391845703	0.9855638146400452	0.1764727085828781	1.0	0	0.0	0	0.0	0	-1.0	0.0	0.0	0.0	0.3790588080883026	0.9253725409507751	0.0	0.9253725409507751	-0.3790588080883026
1.0	4.179501056671143	-1.0	0.787491500377655	0.1764727085828781	1.0	0	0.0	0	0.0	0	0.0	1.0	0.0	0.0	0.0	-1.0	-1.0	0.0	0.0
-1.0	4.179501056671143	-2.28456449508667	0.9026244282722473	0.3529454171657562	0.5	6	0.5	0	0.0	0	0.0	1.0	0.0	0.0	0.0	-1.0	-1.0	0.0	0.0
-1.0	4.179501056671143	-1.0	0.787491500377655	0.3529454171657562	1.0	0	0.0	0	0.0	0	0.0	1.0	0.0	0.0	0.0	-1.0	-1.0	0.0	0.0
-1.0	4.179501056671143	-1.0	0.3226454555988312	0.4139218032360077	1.0	0	0.0	0	0.0	0	0.0	0.0	0.0	1.0	0.0	0.0	0.0	0.0	0.0
1.0	4.179501056671143	-1.0	0.3226454555988312	0.4139218032360077	1.0	0	0.0	0	0.0	0	0.0	0.0	0.0	1.0	0.0	0.0	0.0	0.0	0.0
-1.0	5.779329776763916	1.0	0.6452909708023071	0.12410381436347961	1.0	7	0.0	0	0.0	0	-1.0	0.0	0.0	0.0	1.0	0.0	0.0	0.0	-1.0
-1.0	2.1795008182525635	2.406492233276367	0.32264548540115356	0.0	1.0	4	0.0	0	0.0	0	-1.0	0.0	0.0	0.0	1.0	0.0	0.0	0.0	-1.0
-1.0	4.179501056671143	-2.28456449508667	0.5019014477729797	0.4139218032360077	1.0	0	0.0	0	0.0	0	-1.0	0.0	0.0	0.0	1.0	0.0	0.0	0.0	-1.0
-1.0	5.779329776763916	1.0	0.7170239686965942	0.7744174003601074	1.0	7	0.0	0	0.0	0	0.0	1.0	0.0	-1.0	0.0	-3.377554378403147e-07	-3.377554378403147e-07	0.0	1.0
1.0	5.779329776763916	-1.0	0.32264548540115356	0.11334541440010071	1.0	7	0.0	0	0.0	0	1.0	0.0	0.0	0.0	1.0	0.0	0.0	0.0	1.0
-1.0	5.779329776763916	-1.0	0.6452909708023071	0.1764727085828781	1.0	7	0.0	0	0.0	0	0.0	0.0	-1.0	0.0	-1.0	0.0	-1.0	0.0	0.0
1.0	5.779329776763916	1.0	0.6452909708023071	0.3529454171657562	1.0	7	0.0	0	0.0	0	0.0	0.0	1.0	0.0	-1.0	0.0	1.0	0.0	0.0
-1.0	4.179501056671143	2.406492233276367	0.17925596237182617	0.6078327894210815	0.5	4	0.5	0	0.0	0	0.0	0.0	1.0	0.0	-1.0	0.0	1.0	0.0	0.0
1.0	2.1795008182525635	2.406492233276367	0.0	0.7916787266731262	1.0	4	0.0	0	0.0	0	0.0	-1.0	0.0	0.0	0.0	-1.0	1.0	0.0	0.0
-1.0	4.179501056671143	2.406492233276367	0.7170238494873047	0.5903944969177246	0.5	4	0.5	0	0.0	0	0.0	1.0	0.0	0.0	0.0	-1.0	-1.0	0.0	0.0
1.0	4.179501056671143	2.406492233276367	0.17925596237182617	0.4139218032360077	0.5	4	0.5	0	0.0	0	1.0	0.0	0.0	0.0	1.0	0.0	0.0	0.0	1.0
-1.0	2.1795008182525635	-2.28456449508667	0.8321568965911865	0.5903944969177246	1.0	0	0.0	0	0.0	0	0.0	-1.0	0.0	0.0	0.0	-1.0	1.0	0.0	0.0
1.0	2.1795008182525635	-2.28456449508667	0.0	0.0	1.0	0	0.0	0	0.0	0	1.0	0.0	0.0	0.0	1.0	0.0	0.0	0.0	1.0
1.0	4.179501056671143	-2.28456449508667	0.3585120439529419	0.6069709062576294	1.0	0	0.0	0	0.0	0	0.0	0.0	-1.0	0.0	-1.0	0.0	-1.0	0.0	0.0
1.0	-0.004823178052902222	1.8947620391845703	0.8321570158004761	0.5903946161270142	1.0	0	0.0	0	0.0	0	1.0	0.0	0.0	0.0	-0.379058837890625	-0.9253725409507751	0.0	0.9253725409507751	-0.379058837890625
1.0	2.1795008182525635	0.0	0.7170239686965942	1.0	1.0	0	0.0	0	0.0	0	1.0	0.0	0.0	0.0	0.32037603855133057	-0.9472904801368713	0.0	0.9472904801368713	0.32037603855133057
1.0	-0.019885271787643433	-0.7438374757766724	0.788663923740387	0.1764727085828781	1.0	0	0.0	0	0.0	0	0.0	-1.0	0.0	0.0	0.0	-1.0	1.0	0.0	0.0
1.0	2.1795008182525635	-1.0	0.3585119843482971	0.6069709062576294	1.0	0	0.0	0	0.0	0	0.0	0.32037585973739624	-0.9472905993461609	-1.0	0.0	0.0	0.0	0.9472905397415161	0.32037582993507385
1.0	-0.019885271787643433	-1.7438374757766724	0.3585119843482971	0.41392168402671814	1.0	0	0.0	0	0.0	0	0.0	0.32037585973739624	-0.9472905993461609	-1.0	0.0	0.0	0.0	0.9472905993461609	0.32037585973739624
-1.0	-0.019885271787643433	-1.7438374757766724	0.5377680063247681	0.41392168402671814	1.0	0	0.0	0	0.0	0	0.0	0.32037585973739624	-0.9472905993461609	-1.0	0.0	0.0	0.0	0.9472905993461609	0.32037585973739624
-1.0	-0.019885271787643433	-0.7438374757766724	0.5377679467201233	0.41392192244529724	1.0	0	0.0	0	0.0	0	0.0	-0.32037585973739624	0.9472905993461609	1.0	0.0	0.0	0.0	0.9472905993461609	0.32037585973739624
-1.0	-0.019885271787643433	-1.7438374757766724	0.9150962829589844	0.5903943777084351	1.0	0	0.0	0	0.0	0	-1.0	0.0	0.0	0.0	-0.32037612795829773	0.9472903609275818	0.0	0.9472903609275818	0.32037612795829773
1.0	-0.004823178052902222	1.8947620391845703	0.5377678871154785	0.950890064239502	1.0	0	0.0	0	0.0	0	0.0	-1.0	0.0	0.0	0.0	-1.0	1.0	0.0	0.0
1.0	-0.004823178052902222	0.8947619795799255	0.17925602197647095	0.41392168402671814	1.0	0	0.0	0	0.0	0	0.0	-0.37905916571617126	-0.9253724217414856	-1.0	0.0	0.0	0.0	0.9253724217414856	-0.37905916571617126
-1.0	-0.004823178052902222	1.8947620391845703	0.0	0.41392168402671814	1.0	0	0.0	0	0.0	0	0.0	0.37905919551849365	0.9253724217414856	1.0	0.0	0.0	0.0	0.9253724217414856	-0.37905919551849365
-1.0	2.1795008182525635	0.0	0.9026245474815369	0.4181998670101166	1.0	0	0.0	0	0.0	0	-1.0	0.0	0.0	0.0	0.379058837890625	0.9253726005554199	0.0	0.9253726005554199	-0.379058837890625
1.0	4.179501056671143	-2.28456449508667	0.9026244282722473	0.1764727085828781	0.5	6	0.5	0	0.0	0	0.0	1.0	0.0	0.0	0.0	-1.0	-1.0	0.0	0.0
0	1	2
3	4	0
0	5	3
6	7	6
8	9	10
2	11	5
12	13	14
8	15	16
17	18	19
20	21	22
23	24	25
26	27	28
29	30	31
16	32	9
33	34	33
35	36	37
34	38	39
10	40	8
41	42	43
34	44	34
45	33	46
47	46	44
48	49	50
51	52	51
52	6	53
7	51	54
55	56	57
58	59	60
61	62	63
64	65	66
67	68	69
70	71	72
73	74	75
76	77	78
79	80	81
82	83	84
85	86	85
33	85	38
86	39	86
0	87	1
3	88	4
0	2	5
6	7	7
8	16	9
2	89	11
12	90	13
8	91	15
17	92	18
20	93	21
23	94	24
26	95	27
29	96	30
16	97	32
33	34	34
35	98	36
34	33	38
10	99	40
41	100	42
34	47	44
45	33	33
47	45	46
48	101	49
51	52	52
6	6	53
53	52	52
51	51	54
54	7	7
55	102	56
58	103	59
104	105	106
64	107	65
67	108	68
70	109	71
73	110	74
76	111	77
79	112	80
82	113	83
85	86	86
33	85	85
86	34	39
